run_id,batch_name,selected_batch,n,handoff_strategy_name,original_run48_candidate_id,original_run48_strategy_name,candidate_source,generation_method,selection_bucket,priority_role,surrogate_prediction,strict_penalty_guard_prediction,u2_guarded_prediction,predicted_peeq_guarded_score,predicted_surfaceT_guarded_score,gnn_reward_prediction,graph_pointer_policy_score,hybrid_score,uncertainty_score,gnn_vs_surrogate_disagreement,novelty_distance,nearest_existing_teacher_strategy,N24_N40_focused,stricter_penalty_guard,native_validation_N,source_order_json,order_hash,job_name,case_dir,scan_order_json,cae_path,inp_path,jnl_path,generation_log_path,teacher_validated,teacher_validation_status,solver_status,scan_order
run_60_custom_N40_focused_calibrated_penalty_repair_batch40_cae_inp_generation,stage3_run59_N40_focused_calibrated_penalty_repair_batch40_v01,custom_run58_N40_focused_calibrated_penalty_repair_batch40,24,S3R59N40PR40_N24_B01_n24_diversity,,,N24_diversity_coverage,offline_mutation_or_pointer_proxy,N24_diversity_coverage,constrained_reward_balance,0.3580267295597486,0.3806315843457943,,,,0.3637056603773587,0.6767485822306238,0.3767263686729982,0.0956088668273986,0.00567893081761,0.75,S3R39N2440B60_N24_B29_uncertainty,,,True,E:\Projects\RL-LAM-ScanOpt\outputs\stage3_run_59_run58_N40_focused_calibrated_penalty_repair_batch40_handoff_package\scan_orders\scan_order_S3R59N40PR40_N24_B01_n24_diversity.json,e0e1ba69329bec9f,J2D_S3R59N40PR40_N24_B01_n24_diversity,E:\Projects\RL-LAM-ScanOpt\cae_model\stage3_run59_N40_focused_calibrated_penalty_repair_batch40_v01\N24S3R59N40PR40_N24_B01_n24_diversity,E:\Projects\RL-LAM-ScanOpt\cae_model\stage3_run59_N40_focused_calibrated_penalty_repair_batch40_v01\N24S3R59N40PR40_N24_B01_n24_diversity\scan_order_S3R59N40PR40_N24_B01_n24_diversity.json,E:\Projects\RL-LAM-ScanOpt\cae_model\stage3_run59_N40_focused_calibrated_penalty_repair_batch40_v01\N24S3R59N40PR40_N24_B01_n24_diversity\J2D_S3R59N40PR40_N24_B01_n24_diversity.cae,E:\Projects\RL-LAM-ScanOpt\cae_model\stage3_run59_N40_focused_calibrated_penalty_repair_batch40_v01\N24S3R59N40PR40_N24_B01_n24_diversity\J2D_S3R59N40PR40_N24_B01_n24_diversity.inp,E:\Projects\RL-LAM-ScanOpt\cae_model\stage3_run59_N40_focused_calibrated_penalty_repair_batch40_v01\N24S3R59N40PR40_N24_B01_n24_diversity\J2D_S3R59N40PR40_N24_B01_n24_diversity.jnl,E:\Projects\RL-LAM-ScanOpt\cae_model\stage3_run59_N40_focused_calibrated_penalty_repair_batch40_v01\N24S3R59N40PR40_N24_B01_n24_diversity\J2D_S3R59N40PR40_N24_B01_n24_diversity.generation_log.json,False,NOT_RUN,NOT_SUBMITTED,"[1,6,11,16,21,2,7,12,17,22,3,8,13,18,23,4,9,14,19,0,5,10,15,20]"
run_60_custom_N40_focused_calibrated_penalty_repair_batch40_cae_inp_generation,stage3_run59_N40_focused_calibrated_penalty_repair_batch40_v01,custom_run58_N40_focused_calibrated_penalty_repair_batch40,24,S3R59N40PR40_N24_B02_n24_penalty,,,N24_penalty_repair_diagnostic,offline_mutation_or_pointer_proxy,N24_penalty_repair_diagnostic,constrained_reward_balance,0.8099056603773584,0.8030951688839747,,,,0.7792485643970467,0.8223062381852552,0.8076102917573207,0.0298025695395442,0.0306570959803117,0.1666666666666666,S3R44CNS_N24_B16_uncertainty,,,True,E:\Projects\RL-LAM-ScanOpt\outputs\stage3_run_59_run58_N40_focused_calibrated_penalty_repair_batch40_handoff_package\scan_orders\scan_order_S3R59N40PR40_N24_B02_n24_penalty.json,f957b5762108e291,J2D_S3R59N40PR40_N24_B02_n24_penalty,E:\Projects\RL-LAM-ScanOpt\cae_model\stage3_run59_N40_focused_calibrated_penalty_repair_batch40_v01\N24S3R59N40PR40_N24_B02_n24_penalty,E:\Projects\RL-LAM-ScanOpt\cae_model\stage3_run59_N40_focused_calibrated_penalty_repair_batch40_v01\N24S3R59N40PR40_N24_B02_n24_penalty\scan_order_S3R59N40PR40_N24_B02_n24_penalty.json,E:\Projects\RL-LAM-ScanOpt\cae_model\stage3_run59_N40_focused_calibrated_penalty_repair_batch40_v01\N24S3R59N40PR40_N24_B02_n24_penalty\J2D_S3R59N40PR40_N24_B02_n24_penalty.cae,E:\Projects\RL-LAM-ScanOpt\cae_model\stage3_run59_N40_focused_calibrated_penalty_repair_batch40_v01\N24S3R59N40PR40_N24_B02_n24_penalty\J2D_S3R59N40PR40_N24_B02_n24_penalty.inp,E:\Projects\RL-LAM-ScanOpt\cae_model\stage3_run59_N40_focused_calibrated_penalty_repair_batch40_v01\N24S3R59N40PR40_N24_B02_n24_penalty\J2D_S3R59N40PR40_N24_B02_n24_penalty.jnl,E:\Projects\RL-LAM-ScanOpt\cae_model\stage3_run59_N40_focused_calibrated_penalty_repair_batch40_v01\N24S3R59N40PR40_N24_B02_n24_penalty\J2D_S3R59N40PR40_N24_B02_n24_penalty.generation_log.json,False,NOT_RUN,NOT_SUBMITTED,"[22,17,15,13,9,5,7,3,1,11,19,21,23,0,2,4,6,10,8,12,14,16,18,20]"
run_60_custom_N40_focused_calibrated_penalty_repair_batch40_cae_inp_generation,stage3_run59_N40_focused_calibrated_penalty_repair_batch40_v01,custom_run58_N40_focused_calibrated_penalty_repair_batch40,24,S3R59N40PR40_N24_B03_n24_penalty,,,N24_penalty_repair_diagnostic,offline_mutation_or_pointer_proxy,N24_penalty_repair_diagnostic,constrained_reward_balance,0.8099056603773584,0.8030951688839747,,,,0.7792485643970467,0.8223062381852552,0.8076102917573207,0.024849024122997,0.0306570959803117,0.1666666666666666,S3R44CNS_N24_B16_uncertainty,,,True,E:\Projects\RL-LAM-ScanOpt\outputs\stage3_run_59_run58_N40_focused_calibrated_penalty_repair_batch40_handoff_package\scan_orders\scan_order_S3R59N40PR40_N24_B03_n24_penalty.json,c813a3795568c13e,J2D_S3R59N40PR40_N24_B03_n24_penalty,E:\Projects\RL-LAM-ScanOpt\cae_model\stage3_run59_N40_focused_calibrated_penalty_repair_batch40_v01\N24S3R59N40PR40_N24_B03_n24_penalty,E:\Projects\RL-LAM-ScanOpt\cae_model\stage3_run59_N40_focused_calibrated_penalty_repair_batch40_v01\N24S3R59N40PR40_N24_B03_n24_penalty\scan_order_S3R59N40PR40_N24_B03_n24_penalty.json,E:\Projects\RL-LAM-ScanOpt\cae_model\stage3_run59_N40_focused_calibrated_penalty_repair_batch40_v01\N24S3R59N40PR40_N24_B03_n24_penalty\J2D_S3R59N40PR40_N24_B03_n24_penalty.cae,E:\Projects\RL-LAM-ScanOpt\cae_model\stage3_run59_N40_focused_calibrated_penalty_repair_batch40_v01\N24S3R59N40PR40_N24_B03_n24_penalty\J2D_S3R59N40PR40_N24_B03_n24_penalty.inp,E:\Projects\RL-LAM-ScanOpt\cae_model\stage3_run59_N40_focused_calibrated_penalty_repair_batch40_v01\N24S3R59N40PR40_N24_B03_n24_penalty\J2D_S3R59N40PR40_N24_B03_n24_penalty.jnl,E:\Projects\RL-LAM-ScanOpt\cae_model\stage3_run59_N40_focused_calibrated_penalty_repair_batch40_v01\N24S3R59N40PR40_N24_B03_n24_penalty\J2D_S3R59N40PR40_N24_B03_n24_penalty.generation_log.json,False,NOT_RUN,NOT_SUBMITTED,"[22,17,15,13,9,7,3,5,1,11,19,21,23,0,2,4,6,8,12,10,14,16,18,20]"
run_60_custom_N40_focused_calibrated_penalty_repair_batch40_cae_inp_generation,stage3_run59_N40_focused_calibrated_penalty_repair_batch40_v01,custom_run58_N40_focused_calibrated_penalty_repair_batch40,24,S3R59N40PR40_N24_B04_n24_sentinel,,,N24_sentinel_control,offline_mutation_or_pointer_proxy,N24_sentinel_control,constrained_reward_balance,0.0466981132075471,0.078002461033634,,,,0.0648301886792452,0.9565217391304348,0.0701763740771123,0.0813803357615813,0.0181320754716981,0.0,N24_A01_raster_left_to_right,,,True,E:\Projects\RL-LAM-ScanOpt\outputs\stage3_run_59_run58_N40_focused_calibrated_penalty_repair_batch40_handoff_package\scan_orders\scan_order_S3R59N40PR40_N24_B04_n24_sentinel.json,1285a2fd4be5bc11,J2D_S3R59N40PR40_N24_B04_n24_sentinel,E:\Projects\RL-LAM-ScanOpt\cae_model\stage3_run59_N40_focused_calibrated_penalty_repair_batch40_v01\N24S3R59N40PR40_N24_B04_n24_sentinel,E:\Projects\RL-LAM-ScanOpt\cae_model\stage3_run59_N40_focused_calibrated_penalty_repair_batch40_v01\N24S3R59N40PR40_N24_B04_n24_sentinel\scan_order_S3R59N40PR40_N24_B04_n24_sentinel.json,E:\Projects\RL-LAM-ScanOpt\cae_model\stage3_run59_N40_focused_calibrated_penalty_repair_batch40_v01\N24S3R59N40PR40_N24_B04_n24_sentinel\J2D_S3R59N40PR40_N24_B04_n24_sentinel.cae,E:\Projects\RL-LAM-ScanOpt\cae_model\stage3_run59_N40_focused_calibrated_penalty_repair_batch40_v01\N24S3R59N40PR40_N24_B04_n24_sentinel\J2D_S3R59N40PR40_N24_B04_n24_sentinel.inp,E:\Projects\RL-LAM-ScanOpt\cae_model\stage3_run59_N40_focused_calibrated_penalty_repair_batch40_v01\N24S3R59N40PR40_N24_B04_n24_sentinel\J2D_S3R59N40PR40_N24_B04_n24_sentinel.jnl,E:\Projects\RL-LAM-ScanOpt\cae_model\stage3_run59_N40_focused_calibrated_penalty_repair_batch40_v01\N24S3R59N40PR40_N24_B04_n24_sentinel\J2D_S3R59N40PR40_N24_B04_n24_sentinel.generation_log.json,False,NOT_RUN,NOT_SUBMITTED,"[0,1,2,3,4,5,6,7,8,9,10,11,12,13,14,15,16,17,18,19,20,21,22,23]"
run_60_custom_N40_focused_calibrated_penalty_repair_batch40_cae_inp_generation,stage3_run59_N40_focused_calibrated_penalty_repair_batch40_v01,custom_run58_N40_focused_calibrated_penalty_repair_batch40,24,S3R59N40PR40_N24_B05_n24_maint,,,N24_u2_reward_maintenance,offline_mutation_or_pointer_proxy,N24_u2_reward_maintenance,constrained_reward_balance,0.8163522012578619,0.8090577778174082,,,,0.7854372436423299,0.7920604914933838,0.8136938836775216,0.0272671549816852,0.0309149576155319,0.1666666666666666,S3R49SCN_N24_B09_median_guard,,,True,E:\Projects\RL-LAM-ScanOpt\outputs\stage3_run_59_run58_N40_focused_calibrated_penalty_repair_batch40_handoff_package\scan_orders\scan_order_S3R59N40PR40_N24_B05_n24_maint.json,ca3ea4f9584d6dd0,J2D_S3R59N40PR40_N24_B05_n24_maint,E:\Projects\RL-LAM-ScanOpt\cae_model\stage3_run59_N40_focused_calibrated_penalty_repair_batch40_v01\N24S3R59N40PR40_N24_B05_n24_maint,E:\Projects\RL-LAM-ScanOpt\cae_model\stage3_run59_N40_focused_calibrated_penalty_repair_batch40_v01\N24S3R59N40PR40_N24_B05_n24_maint\scan_order_S3R59N40PR40_N24_B05_n24_maint.json,E:\Projects\RL-LAM-ScanOpt\cae_model\stage3_run59_N40_focused_calibrated_penalty_repair_batch40_v01\N24S3R59N40PR40_N24_B05_n24_maint\J2D_S3R59N40PR40_N24_B05_n24_maint.cae,E:\Projects\RL-LAM-ScanOpt\cae_model\stage3_run59_N40_focused_calibrated_penalty_repair_batch40_v01\N24S3R59N40PR40_N24_B05_n24_maint\J2D_S3R59N40PR40_N24_B05_n24_maint.inp,E:\Projects\RL-LAM-ScanOpt\cae_model\stage3_run59_N40_focused_calibrated_penalty_repair_batch40_v01\N24S3R59N40PR40_N24_B05_n24_maint\J2D_S3R59N40PR40_N24_B05_n24_maint.jnl,E:\Projects\RL-LAM-ScanOpt\cae_model\stage3_run59_N40_focused_calibrated_penalty_repair_batch40_v01\N24S3R59N40PR40_N24_B05_n24_maint\J2D_S3R59N40PR40_N24_B05_n24_maint.generation_log.json,False,NOT_RUN,NOT_SUBMITTED,"[22,21,19,11,1,3,5,7,9,13,15,17,23,0,10,12,6,8,2,4,14,16,18,20]"
run_60_custom_N40_focused_calibrated_penalty_repair_batch40_cae_inp_generation,stage3_run59_N40_focused_calibrated_penalty_repair_batch40_v01,custom_run58_N40_focused_calibrated_penalty_repair_batch40,24,S3R59N40PR40_N24_B06_n24_maint,,,N24_u2_reward_maintenance,offline_mutation_or_pointer_proxy,N24_u2_reward_maintenance,constrained_reward_balance,0.8163522012578619,0.8090577778174082,,,,0.7854372436423299,0.7920604914933838,0.8136938836775216,0.0234662890585089,0.0309149576155319,0.1666666666666666,S3R49SCN_N24_B09_median_guard,,,True,E:\Projects\RL-LAM-ScanOpt\outputs\stage3_run_59_run58_N40_focused_calibrated_penalty_repair_batch40_handoff_package\scan_orders\scan_order_S3R59N40PR40_N24_B06_n24_maint.json,3a1f8675972559a5,J2D_S3R59N40PR40_N24_B06_n24_maint,E:\Projects\RL-LAM-ScanOpt\cae_model\stage3_run59_N40_focused_calibrated_penalty_repair_batch40_v01\N24S3R59N40PR40_N24_B06_n24_maint,E:\Projects\RL-LAM-ScanOpt\cae_model\stage3_run59_N40_focused_calibrated_penalty_repair_batch40_v01\N24S3R59N40PR40_N24_B06_n24_maint\scan_order_S3R59N40PR40_N24_B06_n24_maint.json,E:\Projects\RL-LAM-ScanOpt\cae_model\stage3_run59_N40_focused_calibrated_penalty_repair_batch40_v01\N24S3R59N40PR40_N24_B06_n24_maint\J2D_S3R59N40PR40_N24_B06_n24_maint.cae,E:\Projects\RL-LAM-ScanOpt\cae_model\stage3_run59_N40_focused_calibrated_penalty_repair_batch40_v01\N24S3R59N40PR40_N24_B06_n24_maint\J2D_S3R59N40PR40_N24_B06_n24_maint.inp,E:\Projects\RL-LAM-ScanOpt\cae_model\stage3_run59_N40_focused_calibrated_penalty_repair_batch40_v01\N24S3R59N40PR40_N24_B06_n24_maint\J2D_S3R59N40PR40_N24_B06_n24_maint.jnl,E:\Projects\RL-LAM-ScanOpt\cae_model\stage3_run59_N40_focused_calibrated_penalty_repair_batch40_v01\N24S3R59N40PR40_N24_B06_n24_maint\J2D_S3R59N40PR40_N24_B06_n24_maint.generation_log.json,False,NOT_RUN,NOT_SUBMITTED,"[22,21,19,11,1,3,5,7,9,13,15,17,23,0,2,4,14,16,10,12,6,8,18,20]"
run_60_custom_N40_focused_calibrated_penalty_repair_batch40_cae_inp_generation,stage3_run59_N40_focused_calibrated_penalty_repair_batch40_v01,custom_run58_N40_focused_calibrated_penalty_repair_batch40,24,S3R59N40PR40_N24_B07_n24_maint,,,N24_u2_reward_maintenance,offline_mutation_or_pointer_proxy,N24_u2_reward_maintenance,constrained_reward_balance,0.8163522012578619,0.8091787608041756,,,,0.7854372436423299,0.7996219281663516,0.8137846209175972,0.0380095531858839,0.0309149576155319,0.1666666666666666,S3R49SCN_N24_B09_median_guard,,,True,E:\Projects\RL-LAM-ScanOpt\outputs\stage3_run_59_run58_N40_focused_calibrated_penalty_repair_batch40_handoff_package\scan_orders\scan_order_S3R59N40PR40_N24_B07_n24_maint.json,23cf60e76bb66347,J2D_S3R59N40PR40_N24_B07_n24_maint,E:\Projects\RL-LAM-ScanOpt\cae_model\stage3_run59_N40_focused_calibrated_penalty_repair_batch40_v01\N24S3R59N40PR40_N24_B07_n24_maint,E:\Projects\RL-LAM-ScanOpt\cae_model\stage3_run59_N40_focused_calibrated_penalty_repair_batch40_v01\N24S3R59N40PR40_N24_B07_n24_maint\scan_order_S3R59N40PR40_N24_B07_n24_maint.json,E:\Projects\RL-LAM-ScanOpt\cae_model\stage3_run59_N40_focused_calibrated_penalty_repair_batch40_v01\N24S3R59N40PR40_N24_B07_n24_maint\J2D_S3R59N40PR40_N24_B07_n24_maint.cae,E:\Projects\RL-LAM-ScanOpt\cae_model\stage3_run59_N40_focused_calibrated_penalty_repair_batch40_v01\N24S3R59N40PR40_N24_B07_n24_maint\J2D_S3R59N40PR40_N24_B07_n24_maint.inp,E:\Projects\RL-LAM-ScanOpt\cae_model\stage3_run59_N40_focused_calibrated_penalty_repair_batch40_v01\N24S3R59N40PR40_N24_B07_n24_maint\J2D_S3R59N40PR40_N24_B07_n24_maint.jnl,E:\Projects\RL-LAM-ScanOpt\cae_model\stage3_run59_N40_focused_calibrated_penalty_repair_batch40_v01\N24S3R59N40PR40_N24_B07_n24_maint\J2D_S3R59N40PR40_N24_B07_n24_maint.generation_log.json,False,NOT_RUN,NOT_SUBMITTED,"[22,21,19,11,1,3,5,7,15,13,9,17,23,0,2,4,10,8,6,12,14,16,18,20]"
run_60_custom_N40_focused_calibrated_penalty_repair_batch40_cae_inp_generation,stage3_run59_N40_focused_calibrated_penalty_repair_batch40_v01,custom_run58_N40_focused_calibrated_penalty_repair_batch40,24,S3R59N40PR40_N24_B08_n24_uncertainty,,,N24_uncertainty_calibration,offline_mutation_or_pointer_proxy,N24_uncertainty_calibration,constrained_reward_balance,0.7101119721473497,0.7048440137352514,,,,0.6843161889136296,0.831758034026465,0.7089735033382759,0.0325537283312551,0.0257957832337201,0.1666666666666666,S3R44CNS_N24_B16_uncertainty,,,True,E:\Projects\RL-LAM-ScanOpt\outputs\stage3_run_59_run58_N40_focused_calibrated_penalty_repair_batch40_handoff_package\scan_orders\scan_order_S3R59N40PR40_N24_B08_n24_uncertainty.json,173735b4864ea3a7,J2D_S3R59N40PR40_N24_B08_n24_uncertainty,E:\Projects\RL-LAM-ScanOpt\cae_model\stage3_run59_N40_focused_calibrated_penalty_repair_batch40_v01\N24S3R59N40PR40_N24_B08_n24_uncertainty,E:\Projects\RL-LAM-ScanOpt\cae_model\stage3_run59_N40_focused_calibrated_penalty_repair_batch40_v01\N24S3R59N40PR40_N24_B08_n24_uncertainty\scan_order_S3R59N40PR40_N24_B08_n24_uncertainty.json,E:\Projects\RL-LAM-ScanOpt\cae_model\stage3_run59_N40_focused_calibrated_penalty_repair_batch40_v01\N24S3R59N40PR40_N24_B08_n24_uncertainty\J2D_S3R59N40PR40_N24_B08_n24_uncertainty.cae,E:\Projects\RL-LAM-ScanOpt\cae_model\stage3_run59_N40_focused_calibrated_penalty_repair_batch40_v01\N24S3R59N40PR40_N24_B08_n24_uncertainty\J2D_S3R59N40PR40_N24_B08_n24_uncertainty.inp,E:\Projects\RL-LAM-ScanOpt\cae_model\stage3_run59_N40_focused_calibrated_penalty_repair_batch40_v01\N24S3R59N40PR40_N24_B08_n24_uncertainty\J2D_S3R59N40PR40_N24_B08_n24_uncertainty.jnl,E:\Projects\RL-LAM-ScanOpt\cae_model\stage3_run59_N40_focused_calibrated_penalty_repair_batch40_v01\N24S3R59N40PR40_N24_B08_n24_uncertainty\J2D_S3R59N40PR40_N24_B08_n24_uncertainty.generation_log.json,False,NOT_RUN,NOT_SUBMITTED,"[22,20,15,13,9,7,5,3,1,11,19,21,23,0,4,2,6,8,10,12,14,16,18,17]"
run_60_custom_N40_focused_calibrated_penalty_repair_batch40_cae_inp_generation,stage3_run59_N40_focused_calibrated_penalty_repair_batch40_v01,custom_run58_N40_focused_calibrated_penalty_repair_batch40,24,S3R59N40PR40_N24_B09_n24_diversity,,,N24_diversity_coverage,offline_mutation_or_pointer_proxy,N24_diversity_coverage,constrained_reward_balance,0.3443396226415095,0.3656456288281395,,,,0.3505660377358491,0.5822306238185255,0.3617943743170551,0.0791175654428281,0.0062264150943396,0.8333333333333334,S3R39N2440B60_N24_B16_surrogate_top,,,True,E:\Projects\RL-LAM-ScanOpt\outputs\stage3_run_59_run58_N40_focused_calibrated_penalty_repair_batch40_handoff_package\scan_orders\scan_order_S3R59N40PR40_N24_B09_n24_diversity.json,c8e65c9c58288448,J2D_S3R59N40PR40_N24_B09_n24_diversity,E:\Projects\RL-LAM-ScanOpt\cae_model\stage3_run59_N40_focused_calibrated_penalty_repair_batch40_v01\N24S3R59N40PR40_N24_B09_n24_diversity,E:\Projects\RL-LAM-ScanOpt\cae_model\stage3_run59_N40_focused_calibrated_penalty_repair_batch40_v01\N24S3R59N40PR40_N24_B09_n24_diversity\scan_order_S3R59N40PR40_N24_B09_n24_diversity.json,E:\Projects\RL-LAM-ScanOpt\cae_model\stage3_run59_N40_focused_calibrated_penalty_repair_batch40_v01\N24S3R59N40PR40_N24_B09_n24_diversity\J2D_S3R59N40PR40_N24_B09_n24_diversity.cae,E:\Projects\RL-LAM-ScanOpt\cae_model\stage3_run59_N40_focused_calibrated_penalty_repair_batch40_v01\N24S3R59N40PR40_N24_B09_n24_diversity\J2D_S3R59N40PR40_N24_B09_n24_diversity.inp,E:\Projects\RL-LAM-ScanOpt\cae_model\stage3_run59_N40_focused_calibrated_penalty_repair_batch40_v01\N24S3R59N40PR40_N24_B09_n24_diversity\J2D_S3R59N40PR40_N24_B09_n24_diversity.jnl,E:\Projects\RL-LAM-ScanOpt\cae_model\stage3_run59_N40_focused_calibrated_penalty_repair_batch40_v01\N24S3R59N40PR40_N24_B09_n24_diversity\J2D_S3R59N40PR40_N24_B09_n24_diversity.generation_log.json,False,NOT_RUN,NOT_SUBMITTED,"[21,14,7,0,17,10,3,20,13,6,23,16,9,2,19,12,5,22,15,8,1,18,11,4]"
run_60_custom_N40_focused_calibrated_penalty_repair_batch40_cae_inp_generation,stage3_run59_N40_focused_calibrated_penalty_repair_batch40_v01,custom_run58_N40_focused_calibrated_penalty_repair_batch40,24,S3R59N40PR40_N24_B10_n24_penalty,,,N24_penalty_repair_diagnostic,offline_mutation_or_pointer_proxy,N24_penalty_repair_diagnostic,constrained_reward_balance,0.7347169811320757,0.7280879641188432,,,,0.7070674323215752,0.833648393194707,0.7325577183721513,0.0364262207916204,0.0276495488105005,0.3333333333333333,S3R44CNS_N24_B15_uncertainty,,,True,E:\Projects\RL-LAM-ScanOpt\outputs\stage3_run_59_run58_N40_focused_calibrated_penalty_repair_batch40_handoff_package\scan_orders\scan_order_S3R59N40PR40_N24_B10_n24_penalty.json,fcbafd8c402f16e8,J2D_S3R59N40PR40_N24_B10_n24_penalty,E:\Projects\RL-LAM-ScanOpt\cae_model\stage3_run59_N40_focused_calibrated_penalty_repair_batch40_v01\N24S3R59N40PR40_N24_B10_n24_penalty,E:\Projects\RL-LAM-ScanOpt\cae_model\stage3_run59_N40_focused_calibrated_penalty_repair_batch40_v01\N24S3R59N40PR40_N24_B10_n24_penalty\scan_order_S3R59N40PR40_N24_B10_n24_penalty.json,E:\Projects\RL-LAM-ScanOpt\cae_model\stage3_run59_N40_focused_calibrated_penalty_repair_batch40_v01\N24S3R59N40PR40_N24_B10_n24_penalty\J2D_S3R59N40PR40_N24_B10_n24_penalty.cae,E:\Projects\RL-LAM-ScanOpt\cae_model\stage3_run59_N40_focused_calibrated_penalty_repair_batch40_v01\N24S3R59N40PR40_N24_B10_n24_penalty\J2D_S3R59N40PR40_N24_B10_n24_penalty.inp,E:\Projects\RL-LAM-ScanOpt\cae_model\stage3_run59_N40_focused_calibrated_penalty_repair_batch40_v01\N24S3R59N40PR40_N24_B10_n24_penalty\J2D_S3R59N40PR40_N24_B10_n24_penalty.jnl,E:\Projects\RL-LAM-ScanOpt\cae_model\stage3_run59_N40_focused_calibrated_penalty_repair_batch40_v01\N24S3R59N40PR40_N24_B10_n24_penalty\J2D_S3R59N40PR40_N24_B10_n24_penalty.generation_log.json,False,NOT_RUN,NOT_SUBMITTED,"[22,14,12,10,8,6,4,2,0,23,21,19,11,1,3,5,7,9,13,15,17,16,18,20]"
run_60_custom_N40_focused_calibrated_penalty_repair_batch40_cae_inp_generation,stage3_run59_N40_focused_calibrated_penalty_repair_batch40_v01,custom_run58_N40_focused_calibrated_penalty_repair_batch40,24,S3R59N40PR40_N24_B11_n24_penalty,,,N24_penalty_repair_diagnostic,offline_mutation_or_pointer_proxy,N24_penalty_repair_diagnostic,constrained_reward_balance,0.6103066037735848,0.6035566037735849,,,,0.587633470057424,0.8260869565217391,0.6080566037735848,0.0371243300720882,0.0226731337161608,0.7916666666666666,S3R19B28_N24_B09_known_best_mutation,,,True,E:\Projects\RL-LAM-ScanOpt\outputs\stage3_run_59_run58_N40_focused_calibrated_penalty_repair_batch40_handoff_package\scan_orders\scan_order_S3R59N40PR40_N24_B11_n24_penalty.json,5cede58a8d3359de,J2D_S3R59N40PR40_N24_B11_n24_penalty,E:\Projects\RL-LAM-ScanOpt\cae_model\stage3_run59_N40_focused_calibrated_penalty_repair_batch40_v01\N24S3R59N40PR40_N24_B11_n24_penalty,E:\Projects\RL-LAM-ScanOpt\cae_model\stage3_run59_N40_focused_calibrated_penalty_repair_batch40_v01\N24S3R59N40PR40_N24_B11_n24_penalty\scan_order_S3R59N40PR40_N24_B11_n24_penalty.json,E:\Projects\RL-LAM-ScanOpt\cae_model\stage3_run59_N40_focused_calibrated_penalty_repair_batch40_v01\N24S3R59N40PR40_N24_B11_n24_penalty\J2D_S3R59N40PR40_N24_B11_n24_penalty.cae,E:\Projects\RL-LAM-ScanOpt\cae_model\stage3_run59_N40_focused_calibrated_penalty_repair_batch40_v01\N24S3R59N40PR40_N24_B11_n24_penalty\J2D_S3R59N40PR40_N24_B11_n24_penalty.inp,E:\Projects\RL-LAM-ScanOpt\cae_model\stage3_run59_N40_focused_calibrated_penalty_repair_batch40_v01\N24S3R59N40PR40_N24_B11_n24_penalty\J2D_S3R59N40PR40_N24_B11_n24_penalty.jnl,E:\Projects\RL-LAM-ScanOpt\cae_model\stage3_run59_N40_focused_calibrated_penalty_repair_batch40_v01\N24S3R59N40PR40_N24_B11_n24_penalty\J2D_S3R59N40PR40_N24_B11_n24_penalty.generation_log.json,False,NOT_RUN,NOT_SUBMITTED,"[12,10,8,6,4,2,0,23,21,19,11,1,3,5,7,9,13,15,17,22,14,16,18,20]"
run_60_custom_N40_focused_calibrated_penalty_repair_batch40_cae_inp_generation,stage3_run59_N40_focused_calibrated_penalty_repair_batch40_v01,custom_run58_N40_focused_calibrated_penalty_repair_batch40,24,S3R59N40PR40_N24_B12_n24_maint,,,N24_u2_reward_maintenance,offline_mutation_or_pointer_proxy,N24_u2_reward_maintenance,constrained_reward_balance,0.7437657232704404,0.7369552317770567,,,,0.7157542247744054,0.8223062381852552,0.7414703546504027,0.0306959893967916,0.028011498496035,0.7083333333333334,S3R44CNS_N24_B14_hybrid_disagree,,,True,E:\Projects\RL-LAM-ScanOpt\outputs\stage3_run_59_run58_N40_focused_calibrated_penalty_repair_batch40_handoff_package\scan_orders\scan_order_S3R59N40PR40_N24_B12_n24_maint.json,b00cd524dca86995,J2D_S3R59N40PR40_N24_B12_n24_maint,E:\Projects\RL-LAM-ScanOpt\cae_model\stage3_run59_N40_focused_calibrated_penalty_repair_batch40_v01\N24S3R59N40PR40_N24_B12_n24_maint,E:\Projects\RL-LAM-ScanOpt\cae_model\stage3_run59_N40_focused_calibrated_penalty_repair_batch40_v01\N24S3R59N40PR40_N24_B12_n24_maint\scan_order_S3R59N40PR40_N24_B12_n24_maint.json,E:\Projects\RL-LAM-ScanOpt\cae_model\stage3_run59_N40_focused_calibrated_penalty_repair_batch40_v01\N24S3R59N40PR40_N24_B12_n24_maint\J2D_S3R59N40PR40_N24_B12_n24_maint.cae,E:\Projects\RL-LAM-ScanOpt\cae_model\stage3_run59_N40_focused_calibrated_penalty_repair_batch40_v01\N24S3R59N40PR40_N24_B12_n24_maint\J2D_S3R59N40PR40_N24_B12_n24_maint.inp,E:\Projects\RL-LAM-ScanOpt\cae_model\stage3_run59_N40_focused_calibrated_penalty_repair_batch40_v01\N24S3R59N40PR40_N24_B12_n24_maint\J2D_S3R59N40PR40_N24_B12_n24_maint.jnl,E:\Projects\RL-LAM-ScanOpt\cae_model\stage3_run59_N40_focused_calibrated_penalty_repair_batch40_v01\N24S3R59N40PR40_N24_B12_n24_maint\J2D_S3R59N40PR40_N24_B12_n24_maint.generation_log.json,False,NOT_RUN,NOT_SUBMITTED,"[10,8,6,4,2,0,23,17,15,13,9,7,5,3,1,11,19,21,22,12,14,16,18,20]"
run_60_custom_N40_focused_calibrated_penalty_repair_batch40_cae_inp_generation,stage3_run59_N40_focused_calibrated_penalty_repair_batch40_v01,custom_run58_N40_focused_calibrated_penalty_repair_batch40,24,S3R59N40PR40_N24_B13_n24_maint,,,N24_u2_reward_maintenance,offline_mutation_or_pointer_proxy,N24_u2_reward_maintenance,constrained_reward_balance,0.731179245283019,0.7244897367764027,,,,0.7036712059064808,0.829867674858223,0.7289746139030568,0.0252785995427073,0.0275080393765382,0.5416666666666666,S3R44CNS_N24_B02_reward_balanced,,,True,E:\Projects\RL-LAM-ScanOpt\outputs\stage3_run_59_run58_N40_focused_calibrated_penalty_repair_batch40_handoff_package\scan_orders\scan_order_S3R59N40PR40_N24_B13_n24_maint.json,44dcaacdbad42f7f,J2D_S3R59N40PR40_N24_B13_n24_maint,E:\Projects\RL-LAM-ScanOpt\cae_model\stage3_run59_N40_focused_calibrated_penalty_repair_batch40_v01\N24S3R59N40PR40_N24_B13_n24_maint,E:\Projects\RL-LAM-ScanOpt\cae_model\stage3_run59_N40_focused_calibrated_penalty_repair_batch40_v01\N24S3R59N40PR40_N24_B13_n24_maint\scan_order_S3R59N40PR40_N24_B13_n24_maint.json,E:\Projects\RL-LAM-ScanOpt\cae_model\stage3_run59_N40_focused_calibrated_penalty_repair_batch40_v01\N24S3R59N40PR40_N24_B13_n24_maint\J2D_S3R59N40PR40_N24_B13_n24_maint.cae,E:\Projects\RL-LAM-ScanOpt\cae_model\stage3_run59_N40_focused_calibrated_penalty_repair_batch40_v01\N24S3R59N40PR40_N24_B13_n24_maint\J2D_S3R59N40PR40_N24_B13_n24_maint.inp,E:\Projects\RL-LAM-ScanOpt\cae_model\stage3_run59_N40_focused_calibrated_penalty_repair_batch40_v01\N24S3R59N40PR40_N24_B13_n24_maint\J2D_S3R59N40PR40_N24_B13_n24_maint.jnl,E:\Projects\RL-LAM-ScanOpt\cae_model\stage3_run59_N40_focused_calibrated_penalty_repair_batch40_v01\N24S3R59N40PR40_N24_B13_n24_maint\J2D_S3R59N40PR40_N24_B13_n24_maint.generation_log.json,False,NOT_RUN,NOT_SUBMITTED,"[14,12,10,8,6,4,2,0,23,17,15,13,9,7,5,3,1,11,19,21,22,16,18,20]"
run_60_custom_N40_focused_calibrated_penalty_repair_batch40_cae_inp_generation,stage3_run59_N40_focused_calibrated_penalty_repair_batch40_v01,custom_run58_N40_focused_calibrated_penalty_repair_batch40,24,S3R59N40PR40_N24_B14_n24_maint,,,N24_u2_reward_maintenance,offline_mutation_or_pointer_proxy,N24_u2_reward_maintenance,constrained_reward_balance,0.7434777628032345,0.7369092372833856,,,,0.7154777827258877,0.8374291115311909,0.7413638686633478,0.0424040386948654,0.0279999800773468,0.5416666666666666,S3R44CNS_N24_B01_reward_balanced,,,True,E:\Projects\RL-LAM-ScanOpt\outputs\stage3_run_59_run58_N40_focused_calibrated_penalty_repair_batch40_handoff_package\scan_orders\scan_order_S3R59N40PR40_N24_B14_n24_maint.json,a50a84f9178306d9,J2D_S3R59N40PR40_N24_B14_n24_maint,E:\Projects\RL-LAM-ScanOpt\cae_model\stage3_run59_N40_focused_calibrated_penalty_repair_batch40_v01\N24S3R59N40PR40_N24_B14_n24_maint,E:\Projects\RL-LAM-ScanOpt\cae_model\stage3_run59_N40_focused_calibrated_penalty_repair_batch40_v01\N24S3R59N40PR40_N24_B14_n24_maint\scan_order_S3R59N40PR40_N24_B14_n24_maint.json,E:\Projects\RL-LAM-ScanOpt\cae_model\stage3_run59_N40_focused_calibrated_penalty_repair_batch40_v01\N24S3R59N40PR40_N24_B14_n24_maint\J2D_S3R59N40PR40_N24_B14_n24_maint.cae,E:\Projects\RL-LAM-ScanOpt\cae_model\stage3_run59_N40_focused_calibrated_penalty_repair_batch40_v01\N24S3R59N40PR40_N24_B14_n24_maint\J2D_S3R59N40PR40_N24_B14_n24_maint.inp,E:\Projects\RL-LAM-ScanOpt\cae_model\stage3_run59_N40_focused_calibrated_penalty_repair_batch40_v01\N24S3R59N40PR40_N24_B14_n24_maint\J2D_S3R59N40PR40_N24_B14_n24_maint.jnl,E:\Projects\RL-LAM-ScanOpt\cae_model\stage3_run59_N40_focused_calibrated_penalty_repair_batch40_v01\N24S3R59N40PR40_N24_B14_n24_maint\J2D_S3R59N40PR40_N24_B14_n24_maint.generation_log.json,False,NOT_RUN,NOT_SUBMITTED,"[20,18,16,14,12,10,8,6,4,2,0,23,17,15,13,9,7,5,3,1,11,19,21,22]"
run_60_custom_N40_focused_calibrated_penalty_repair_batch40_cae_inp_generation,stage3_run59_N40_focused_calibrated_penalty_repair_batch40_v01,custom_run58_N40_focused_calibrated_penalty_repair_batch40,24,S3R59N40PR40_N24_B15_n24_maint,,,N24_u2_reward_maintenance,offline_mutation_or_pointer_proxy,N24_u2_reward_maintenance,constrained_reward_balance,0.6876242138364782,0.6807532308497107,,,,0.6618583757178016,0.8185255198487713,0.6852834765964025,0.024258681415359,0.0257658381186766,0.7083333333333334,S3R49SCN_N24_B01_strict_guard,,,True,E:\Projects\RL-LAM-ScanOpt\outputs\stage3_run_59_run58_N40_focused_calibrated_penalty_repair_batch40_handoff_package\scan_orders\scan_order_S3R59N40PR40_N24_B15_n24_maint.json,8a0e6e8eb4faa391,J2D_S3R59N40PR40_N24_B15_n24_maint,E:\Projects\RL-LAM-ScanOpt\cae_model\stage3_run59_N40_focused_calibrated_penalty_repair_batch40_v01\N24S3R59N40PR40_N24_B15_n24_maint,E:\Projects\RL-LAM-ScanOpt\cae_model\stage3_run59_N40_focused_calibrated_penalty_repair_batch40_v01\N24S3R59N40PR40_N24_B15_n24_maint\scan_order_S3R59N40PR40_N24_B15_n24_maint.json,E:\Projects\RL-LAM-ScanOpt\cae_model\stage3_run59_N40_focused_calibrated_penalty_repair_batch40_v01\N24S3R59N40PR40_N24_B15_n24_maint\J2D_S3R59N40PR40_N24_B15_n24_maint.cae,E:\Projects\RL-LAM-ScanOpt\cae_model\stage3_run59_N40_focused_calibrated_penalty_repair_batch40_v01\N24S3R59N40PR40_N24_B15_n24_maint\J2D_S3R59N40PR40_N24_B15_n24_maint.inp,E:\Projects\RL-LAM-ScanOpt\cae_model\stage3_run59_N40_focused_calibrated_penalty_repair_batch40_v01\N24S3R59N40PR40_N24_B15_n24_maint\J2D_S3R59N40PR40_N24_B15_n24_maint.jnl,E:\Projects\RL-LAM-ScanOpt\cae_model\stage3_run59_N40_focused_calibrated_penalty_repair_batch40_v01\N24S3R59N40PR40_N24_B15_n24_maint\J2D_S3R59N40PR40_N24_B15_n24_maint.generation_log.json,False,NOT_RUN,NOT_SUBMITTED,"[8,6,4,2,0,23,17,15,13,9,7,5,3,1,11,19,21,22,10,12,14,16,18,20]"
run_60_custom_N40_focused_calibrated_penalty_repair_batch40_cae_inp_generation,stage3_run59_N40_focused_calibrated_penalty_repair_batch40_v01,custom_run58_N40_focused_calibrated_penalty_repair_batch40,24,S3R59N40PR40_N24_B16_n24_uncertainty,,,N24_uncertainty_calibration,offline_mutation_or_pointer_proxy,N24_uncertainty_calibration,constrained_reward_balance,0.624579514824798,0.6191300819325485,,,,0.60220502988398,0.8204158790170133,0.6233049401556109,0.0346373001307941,0.022374484940818,0.7083333333333334,S3R54CAL64_N24_B17_two_stage_repair,,,True,E:\Projects\RL-LAM-ScanOpt\outputs\stage3_run_59_run58_N40_focused_calibrated_penalty_repair_batch40_handoff_package\scan_orders\scan_order_S3R59N40PR40_N24_B16_n24_uncertainty.json,6ed85c81881004c9,J2D_S3R59N40PR40_N24_B16_n24_uncertainty,E:\Projects\RL-LAM-ScanOpt\cae_model\stage3_run59_N40_focused_calibrated_penalty_repair_batch40_v01\N24S3R59N40PR40_N24_B16_n24_uncertainty,E:\Projects\RL-LAM-ScanOpt\cae_model\stage3_run59_N40_focused_calibrated_penalty_repair_batch40_v01\N24S3R59N40PR40_N24_B16_n24_uncertainty\scan_order_S3R59N40PR40_N24_B16_n24_uncertainty.json,E:\Projects\RL-LAM-ScanOpt\cae_model\stage3_run59_N40_focused_calibrated_penalty_repair_batch40_v01\N24S3R59N40PR40_N24_B16_n24_uncertainty\J2D_S3R59N40PR40_N24_B16_n24_uncertainty.cae,E:\Projects\RL-LAM-ScanOpt\cae_model\stage3_run59_N40_focused_calibrated_penalty_repair_batch40_v01\N24S3R59N40PR40_N24_B16_n24_uncertainty\J2D_S3R59N40PR40_N24_B16_n24_uncertainty.inp,E:\Projects\RL-LAM-ScanOpt\cae_model\stage3_run59_N40_focused_calibrated_penalty_repair_batch40_v01\N24S3R59N40PR40_N24_B16_n24_uncertainty\J2D_S3R59N40PR40_N24_B16_n24_uncertainty.jnl,E:\Projects\RL-LAM-ScanOpt\cae_model\stage3_run59_N40_focused_calibrated_penalty_repair_batch40_v01\N24S3R59N40PR40_N24_B16_n24_uncertainty\J2D_S3R59N40PR40_N24_B16_n24_uncertainty.generation_log.json,False,NOT_RUN,NOT_SUBMITTED,"[22,17,15,13,9,20,18,16,14,12,10,8,6,4,2,0,23,21,19,11,1,3,5,7]"
run_60_custom_N40_focused_calibrated_penalty_repair_batch40_cae_inp_generation,stage3_run59_N40_focused_calibrated_penalty_repair_batch40_v01,custom_run58_N40_focused_calibrated_penalty_repair_batch40,40,S3R59N40PR40_N40_B01_n40_mises_repair,,,N40_Mises_repair_candidates,offline_mutation_or_pointer_proxy,N40_Mises_repair_candidates,constrained_reward_balance,0.6620663044699011,0.6641491447065875,,,,0.637634934342387,0.9250493096646945,0.6636284346474159,0.0147654653552432,0.024431370127514,0.7,S3R54CAL64_N40_B11_penalty_repair,,,True,E:\Projects\RL-LAM-ScanOpt\outputs\stage3_run_59_run58_N40_focused_calibrated_penalty_repair_batch40_handoff_package\scan_orders\scan_order_S3R59N40PR40_N40_B01_n40_mises_repair.json,00587a1d85d9349a,J2D_S3R59N40PR40_N40_B01_n40_mises_repair,E:\Projects\RL-LAM-ScanOpt\cae_model\stage3_run59_N40_focused_calibrated_penalty_repair_batch40_v01\N40S3R59N40PR40_N40_B01_n40_mises_repair,E:\Projects\RL-LAM-ScanOpt\cae_model\stage3_run59_N40_focused_calibrated_penalty_repair_batch40_v01\N40S3R59N40PR40_N40_B01_n40_mises_repair\scan_order_S3R59N40PR40_N40_B01_n40_mises_repair.json,E:\Projects\RL-LAM-ScanOpt\cae_model\stage3_run59_N40_focused_calibrated_penalty_repair_batch40_v01\N40S3R59N40PR40_N40_B01_n40_mises_repair\J2D_S3R59N40PR40_N40_B01_n40_mises_repair.cae,E:\Projects\RL-LAM-ScanOpt\cae_model\stage3_run59_N40_focused_calibrated_penalty_repair_batch40_v01\N40S3R59N40PR40_N40_B01_n40_mises_repair\J2D_S3R59N40PR40_N40_B01_n40_mises_repair.inp,E:\Projects\RL-LAM-ScanOpt\cae_model\stage3_run59_N40_focused_calibrated_penalty_repair_batch40_v01\N40S3R59N40PR40_N40_B01_n40_mises_repair\J2D_S3R59N40PR40_N40_B01_n40_mises_repair.jnl,E:\Projects\RL-LAM-ScanOpt\cae_model\stage3_run59_N40_focused_calibrated_penalty_repair_batch40_v01\N40S3R59N40PR40_N40_B01_n40_mises_repair\J2D_S3R59N40PR40_N40_B01_n40_mises_repair.generation_log.json,False,NOT_RUN,NOT_SUBMITTED,"[0,2,5,7,9,11,13,15,17,19,34,36,39,37,35,33,31,29,27,25,23,21,1,3,4,6,8,10,12,14,16,18,20,22,24,26,28,30,32,38]"
run_60_custom_N40_focused_calibrated_penalty_repair_batch40_cae_inp_generation,stage3_run59_N40_focused_calibrated_penalty_repair_batch40_v01,custom_run58_N40_focused_calibrated_penalty_repair_batch40,40,S3R59N40PR40_N40_B02_n40_peeq_repair,,,N40_PEEQ_repair_candidates,offline_mutation_or_pointer_proxy,N40_PEEQ_repair_candidates,constrained_reward_balance,0.6702239723719678,0.6714757803930067,,,,0.6449534750155506,0.9243918474687706,0.6711628283877471,0.0092306613478098,0.0252704973564172,0.05,S3R54CAL64_N40_B12_penalty_repair,,,True,E:\Projects\RL-LAM-ScanOpt\outputs\stage3_run_59_run58_N40_focused_calibrated_penalty_repair_batch40_handoff_package\scan_orders\scan_order_S3R59N40PR40_N40_B02_n40_peeq_repair.json,4ec242b7e2c0d850,J2D_S3R59N40PR40_N40_B02_n40_peeq_repair,E:\Projects\RL-LAM-ScanOpt\cae_model\stage3_run59_N40_focused_calibrated_penalty_repair_batch40_v01\N40S3R59N40PR40_N40_B02_n40_peeq_repair,E:\Projects\RL-LAM-ScanOpt\cae_model\stage3_run59_N40_focused_calibrated_penalty_repair_batch40_v01\N40S3R59N40PR40_N40_B02_n40_peeq_repair\scan_order_S3R59N40PR40_N40_B02_n40_peeq_repair.json,E:\Projects\RL-LAM-ScanOpt\cae_model\stage3_run59_N40_focused_calibrated_penalty_repair_batch40_v01\N40S3R59N40PR40_N40_B02_n40_peeq_repair\J2D_S3R59N40PR40_N40_B02_n40_peeq_repair.cae,E:\Projects\RL-LAM-ScanOpt\cae_model\stage3_run59_N40_focused_calibrated_penalty_repair_batch40_v01\N40S3R59N40PR40_N40_B02_n40_peeq_repair\J2D_S3R59N40PR40_N40_B02_n40_peeq_repair.inp,E:\Projects\RL-LAM-ScanOpt\cae_model\stage3_run59_N40_focused_calibrated_penalty_repair_batch40_v01\N40S3R59N40PR40_N40_B02_n40_peeq_repair\J2D_S3R59N40PR40_N40_B02_n40_peeq_repair.jnl,E:\Projects\RL-LAM-ScanOpt\cae_model\stage3_run59_N40_focused_calibrated_penalty_repair_batch40_v01\N40S3R59N40PR40_N40_B02_n40_peeq_repair\J2D_S3R59N40PR40_N40_B02_n40_peeq_repair.generation_log.json,False,NOT_RUN,NOT_SUBMITTED,"[0,3,5,7,9,11,13,15,17,19,24,26,28,30,32,38,36,34,22,20,18,16,14,12,10,8,6,4,2,1,21,23,25,27,29,31,33,35,39,37]"
run_60_custom_N40_focused_calibrated_penalty_repair_batch40_cae_inp_generation,stage3_run59_N40_focused_calibrated_penalty_repair_batch40_v01,custom_run58_N40_focused_calibrated_penalty_repair_batch40,40,S3R59N40PR40_N40_B03_n40_surface_repair,,,N40_SurfaceT_repair_candidates,offline_mutation_or_pointer_proxy,N40_SurfaceT_repair_candidates,constrained_reward_balance,0.7119202044025156,0.7131930512138239,,,,0.6849818577648764,0.925706771860618,0.7128748395109967,0.010647317005641,0.0269383466376391,0.05,S3R54CAL64_N40_B13_penalty_repair,,,True,E:\Projects\RL-LAM-ScanOpt\outputs\stage3_run_59_run58_N40_focused_calibrated_penalty_repair_batch40_handoff_package\scan_orders\scan_order_S3R59N40PR40_N40_B03_n40_surface_repair.json,4f226a89090b6292,J2D_S3R59N40PR40_N40_B03_n40_surface_repair,E:\Projects\RL-LAM-ScanOpt\cae_model\stage3_run59_N40_focused_calibrated_penalty_repair_batch40_v01\N40S3R59N40PR40_N40_B03_n40_surface_repair,E:\Projects\RL-LAM-ScanOpt\cae_model\stage3_run59_N40_focused_calibrated_penalty_repair_batch40_v01\N40S3R59N40PR40_N40_B03_n40_surface_repair\scan_order_S3R59N40PR40_N40_B03_n40_surface_repair.json,E:\Projects\RL-LAM-ScanOpt\cae_model\stage3_run59_N40_focused_calibrated_penalty_repair_batch40_v01\N40S3R59N40PR40_N40_B03_n40_surface_repair\J2D_S3R59N40PR40_N40_B03_n40_surface_repair.cae,E:\Projects\RL-LAM-ScanOpt\cae_model\stage3_run59_N40_focused_calibrated_penalty_repair_batch40_v01\N40S3R59N40PR40_N40_B03_n40_surface_repair\J2D_S3R59N40PR40_N40_B03_n40_surface_repair.inp,E:\Projects\RL-LAM-ScanOpt\cae_model\stage3_run59_N40_focused_calibrated_penalty_repair_batch40_v01\N40S3R59N40PR40_N40_B03_n40_surface_repair\J2D_S3R59N40PR40_N40_B03_n40_surface_repair.jnl,E:\Projects\RL-LAM-ScanOpt\cae_model\stage3_run59_N40_focused_calibrated_penalty_repair_batch40_v01\N40S3R59N40PR40_N40_B03_n40_surface_repair\J2D_S3R59N40PR40_N40_B03_n40_surface_repair.generation_log.json,False,NOT_RUN,NOT_SUBMITTED,"[0,2,5,7,9,11,13,15,17,19,32,38,36,34,30,28,26,24,22,20,18,16,14,12,10,8,6,4,3,1,21,23,25,27,29,31,33,35,37,39]"
run_60_custom_N40_focused_calibrated_penalty_repair_batch40_cae_inp_generation,stage3_run59_N40_focused_calibrated_penalty_repair_batch40_v01,custom_run58_N40_focused_calibrated_penalty_repair_batch40,40,S3R59N40PR40_N40_B04_n40_median,,,N40_median_guard_repair,offline_mutation_or_pointer_proxy,N40_median_guard_repair,constrained_reward_balance,0.7119202044025156,0.7131930512138239,,,,0.6849818577648764,0.925706771860618,0.7128748395109967,0.0170630262199148,0.0269383466376391,0.05,S3R54CAL64_N40_B11_penalty_repair,,,True,E:\Projects\RL-LAM-ScanOpt\outputs\stage3_run_59_run58_N40_focused_calibrated_penalty_repair_batch40_handoff_package\scan_orders\scan_order_S3R59N40PR40_N40_B04_n40_median.json,b6cb5add6c320264,J2D_S3R59N40PR40_N40_B04_n40_median,E:\Projects\RL-LAM-ScanOpt\cae_model\stage3_run59_N40_focused_calibrated_penalty_repair_batch40_v01\N40S3R59N40PR40_N40_B04_n40_median,E:\Projects\RL-LAM-ScanOpt\cae_model\stage3_run59_N40_focused_calibrated_penalty_repair_batch40_v01\N40S3R59N40PR40_N40_B04_n40_median\scan_order_S3R59N40PR40_N40_B04_n40_median.json,E:\Projects\RL-LAM-ScanOpt\cae_model\stage3_run59_N40_focused_calibrated_penalty_repair_batch40_v01\N40S3R59N40PR40_N40_B04_n40_median\J2D_S3R59N40PR40_N40_B04_n40_median.cae,E:\Projects\RL-LAM-ScanOpt\cae_model\stage3_run59_N40_focused_calibrated_penalty_repair_batch40_v01\N40S3R59N40PR40_N40_B04_n40_median\J2D_S3R59N40PR40_N40_B04_n40_median.inp,E:\Projects\RL-LAM-ScanOpt\cae_model\stage3_run59_N40_focused_calibrated_penalty_repair_batch40_v01\N40S3R59N40PR40_N40_B04_n40_median\J2D_S3R59N40PR40_N40_B04_n40_median.jnl,E:\Projects\RL-LAM-ScanOpt\cae_model\stage3_run59_N40_focused_calibrated_penalty_repair_batch40_v01\N40S3R59N40PR40_N40_B04_n40_median\J2D_S3R59N40PR40_N40_B04_n40_median.generation_log.json,False,NOT_RUN,NOT_SUBMITTED,"[0,2,5,7,9,11,13,15,17,19,32,36,38,34,30,28,26,24,22,20,18,16,14,12,10,8,6,4,3,1,21,23,25,27,29,31,33,35,37,39]"
run_60_custom_N40_focused_calibrated_penalty_repair_batch40_cae_inp_generation,stage3_run59_N40_focused_calibrated_penalty_repair_batch40_v01,custom_run58_N40_focused_calibrated_penalty_repair_batch40,40,S3R59N40PR40_N40_B05_n40_median,,,N40_median_guard_repair,offline_mutation_or_pointer_proxy,N40_median_guard_repair,constrained_reward_balance,0.6431120844564242,0.6385376268627359,,,,0.6184132421038083,0.9132149901380672,0.6416924592098759,0.0193565155405766,0.0246988423526158,0.25,S3R54CAL64_N40_B11_penalty_repair,,,True,E:\Projects\RL-LAM-ScanOpt\outputs\stage3_run_59_run58_N40_focused_calibrated_penalty_repair_batch40_handoff_package\scan_orders\scan_order_S3R59N40PR40_N40_B05_n40_median.json,de2b5140e851a898,J2D_S3R59N40PR40_N40_B05_n40_median,E:\Projects\RL-LAM-ScanOpt\cae_model\stage3_run59_N40_focused_calibrated_penalty_repair_batch40_v01\N40S3R59N40PR40_N40_B05_n40_median,E:\Projects\RL-LAM-ScanOpt\cae_model\stage3_run59_N40_focused_calibrated_penalty_repair_batch40_v01\N40S3R59N40PR40_N40_B05_n40_median\scan_order_S3R59N40PR40_N40_B05_n40_median.json,E:\Projects\RL-LAM-ScanOpt\cae_model\stage3_run59_N40_focused_calibrated_penalty_repair_batch40_v01\N40S3R59N40PR40_N40_B05_n40_median\J2D_S3R59N40PR40_N40_B05_n40_median.cae,E:\Projects\RL-LAM-ScanOpt\cae_model\stage3_run59_N40_focused_calibrated_penalty_repair_batch40_v01\N40S3R59N40PR40_N40_B05_n40_median\J2D_S3R59N40PR40_N40_B05_n40_median.inp,E:\Projects\RL-LAM-ScanOpt\cae_model\stage3_run59_N40_focused_calibrated_penalty_repair_batch40_v01\N40S3R59N40PR40_N40_B05_n40_median\J2D_S3R59N40PR40_N40_B05_n40_median.jnl,E:\Projects\RL-LAM-ScanOpt\cae_model\stage3_run59_N40_focused_calibrated_penalty_repair_batch40_v01\N40S3R59N40PR40_N40_B05_n40_median\J2D_S3R59N40PR40_N40_B05_n40_median.generation_log.json,False,NOT_RUN,NOT_SUBMITTED,"[19,17,15,13,11,9,7,5,2,0,34,36,38,32,30,28,26,24,22,20,18,16,14,12,10,8,6,4,3,1,21,23,25,27,29,31,33,35,37,39]"
run_60_custom_N40_focused_calibrated_penalty_repair_batch40_cae_inp_generation,stage3_run59_N40_focused_calibrated_penalty_repair_batch40_v01,custom_run58_N40_focused_calibrated_penalty_repair_batch40,40,S3R59N40PR40_N40_B06_n40_no_median,,,N40_no_penalty_worse_than_median,offline_mutation_or_pointer_proxy,N40_no_penalty_worse_than_median,constrained_reward_balance,0.7119202044025156,0.7131930512138239,,,,0.6849818577648764,0.925706771860618,0.7128748395109967,0.0095940101478959,0.0269383466376391,0.05,S3R54CAL64_N40_B31_uncertainty,,,True,E:\Projects\RL-LAM-ScanOpt\outputs\stage3_run_59_run58_N40_focused_calibrated_penalty_repair_batch40_handoff_package\scan_orders\scan_order_S3R59N40PR40_N40_B06_n40_no_median.json,239f1dde3c799579,J2D_S3R59N40PR40_N40_B06_n40_no_median,E:\Projects\RL-LAM-ScanOpt\cae_model\stage3_run59_N40_focused_calibrated_penalty_repair_batch40_v01\N40S3R59N40PR40_N40_B06_n40_no_median,E:\Projects\RL-LAM-ScanOpt\cae_model\stage3_run59_N40_focused_calibrated_penalty_repair_batch40_v01\N40S3R59N40PR40_N40_B06_n40_no_median\scan_order_S3R59N40PR40_N40_B06_n40_no_median.json,E:\Projects\RL-LAM-ScanOpt\cae_model\stage3_run59_N40_focused_calibrated_penalty_repair_batch40_v01\N40S3R59N40PR40_N40_B06_n40_no_median\J2D_S3R59N40PR40_N40_B06_n40_no_median.cae,E:\Projects\RL-LAM-ScanOpt\cae_model\stage3_run59_N40_focused_calibrated_penalty_repair_batch40_v01\N40S3R59N40PR40_N40_B06_n40_no_median\J2D_S3R59N40PR40_N40_B06_n40_no_median.inp,E:\Projects\RL-LAM-ScanOpt\cae_model\stage3_run59_N40_focused_calibrated_penalty_repair_batch40_v01\N40S3R59N40PR40_N40_B06_n40_no_median\J2D_S3R59N40PR40_N40_B06_n40_no_median.jnl,E:\Projects\RL-LAM-ScanOpt\cae_model\stage3_run59_N40_focused_calibrated_penalty_repair_batch40_v01\N40S3R59N40PR40_N40_B06_n40_no_median\J2D_S3R59N40PR40_N40_B06_n40_no_median.generation_log.json,False,NOT_RUN,NOT_SUBMITTED,"[0,2,5,7,9,11,13,15,17,19,28,30,32,38,36,34,26,24,22,20,18,16,14,12,10,8,6,4,3,1,21,23,25,27,29,31,33,35,37,39]"
run_60_custom_N40_focused_calibrated_penalty_repair_batch40_cae_inp_generation,stage3_run59_N40_focused_calibrated_penalty_repair_batch40_v01,custom_run58_N40_focused_calibrated_penalty_repair_batch40,40,S3R59N40PR40_N40_B07_n40_no_median,,,N40_no_penalty_worse_than_median,offline_mutation_or_pointer_proxy,N40_no_penalty_worse_than_median,constrained_reward_balance,0.7119202044025157,0.713193051213824,,,,0.6849818577648765,0.925706771860618,0.7128748395109968,0.0046907145198479,0.0269383466376391,0.1,S3R49SCN_N40_B03_strict_guard,,,True,E:\Projects\RL-LAM-ScanOpt\outputs\stage3_run_59_run58_N40_focused_calibrated_penalty_repair_batch40_handoff_package\scan_orders\scan_order_S3R59N40PR40_N40_B07_n40_no_median.json,84e9f4f966bcf19c,J2D_S3R59N40PR40_N40_B07_n40_no_median,E:\Projects\RL-LAM-ScanOpt\cae_model\stage3_run59_N40_focused_calibrated_penalty_repair_batch40_v01\N40S3R59N40PR40_N40_B07_n40_no_median,E:\Projects\RL-LAM-ScanOpt\cae_model\stage3_run59_N40_focused_calibrated_penalty_repair_batch40_v01\N40S3R59N40PR40_N40_B07_n40_no_median\scan_order_S3R59N40PR40_N40_B07_n40_no_median.json,E:\Projects\RL-LAM-ScanOpt\cae_model\stage3_run59_N40_focused_calibrated_penalty_repair_batch40_v01\N40S3R59N40PR40_N40_B07_n40_no_median\J2D_S3R59N40PR40_N40_B07_n40_no_median.cae,E:\Projects\RL-LAM-ScanOpt\cae_model\stage3_run59_N40_focused_calibrated_penalty_repair_batch40_v01\N40S3R59N40PR40_N40_B07_n40_no_median\J2D_S3R59N40PR40_N40_B07_n40_no_median.inp,E:\Projects\RL-LAM-ScanOpt\cae_model\stage3_run59_N40_focused_calibrated_penalty_repair_batch40_v01\N40S3R59N40PR40_N40_B07_n40_no_median\J2D_S3R59N40PR40_N40_B07_n40_no_median.jnl,E:\Projects\RL-LAM-ScanOpt\cae_model\stage3_run59_N40_focused_calibrated_penalty_repair_batch40_v01\N40S3R59N40PR40_N40_B07_n40_no_median\J2D_S3R59N40PR40_N40_B07_n40_no_median.generation_log.json,False,NOT_RUN,NOT_SUBMITTED,"[0,2,5,7,9,11,13,15,17,19,26,28,30,32,38,36,34,24,22,20,18,16,14,12,10,8,6,4,3,1,21,23,25,27,29,31,33,35,37,39]"
run_60_custom_N40_focused_calibrated_penalty_repair_batch40_cae_inp_generation,stage3_run59_N40_focused_calibrated_penalty_repair_batch40_v01,custom_run58_N40_focused_calibrated_penalty_repair_batch40,40,S3R59N40PR40_N40_B08_n40_penalty_repair,,,N40_penalty_repair_local_search,offline_mutation_or_pointer_proxy,N40_penalty_repair_local_search,constrained_reward_balance,0.6702239723719678,0.6714757803930067,,,,0.6449534750155506,0.9243918474687706,0.6711628283877471,0.0160538321943513,0.0252704973564172,0.05,S3R54CAL64_N40_B11_penalty_repair,,,True,E:\Projects\RL-LAM-ScanOpt\outputs\stage3_run_59_run58_N40_focused_calibrated_penalty_repair_batch40_handoff_package\scan_orders\scan_order_S3R59N40PR40_N40_B08_n40_penalty_repair.json,c837f4079b3a3e5b,J2D_S3R59N40PR40_N40_B08_n40_penalty_repair,E:\Projects\RL-LAM-ScanOpt\cae_model\stage3_run59_N40_focused_calibrated_penalty_repair_batch40_v01\N40S3R59N40PR40_N40_B08_n40_penalty_repair,E:\Projects\RL-LAM-ScanOpt\cae_model\stage3_run59_N40_focused_calibrated_penalty_repair_batch40_v01\N40S3R59N40PR40_N40_B08_n40_penalty_repair\scan_order_S3R59N40PR40_N40_B08_n40_penalty_repair.json,E:\Projects\RL-LAM-ScanOpt\cae_model\stage3_run59_N40_focused_calibrated_penalty_repair_batch40_v01\N40S3R59N40PR40_N40_B08_n40_penalty_repair\J2D_S3R59N40PR40_N40_B08_n40_penalty_repair.cae,E:\Projects\RL-LAM-ScanOpt\cae_model\stage3_run59_N40_focused_calibrated_penalty_repair_batch40_v01\N40S3R59N40PR40_N40_B08_n40_penalty_repair\J2D_S3R59N40PR40_N40_B08_n40_penalty_repair.inp,E:\Projects\RL-LAM-ScanOpt\cae_model\stage3_run59_N40_focused_calibrated_penalty_repair_batch40_v01\N40S3R59N40PR40_N40_B08_n40_penalty_repair\J2D_S3R59N40PR40_N40_B08_n40_penalty_repair.jnl,E:\Projects\RL-LAM-ScanOpt\cae_model\stage3_run59_N40_focused_calibrated_penalty_repair_batch40_v01\N40S3R59N40PR40_N40_B08_n40_penalty_repair\J2D_S3R59N40PR40_N40_B08_n40_penalty_repair.generation_log.json,False,NOT_RUN,NOT_SUBMITTED,"[0,2,5,7,9,11,13,15,17,19,34,36,38,32,30,28,26,24,22,20,18,16,14,12,10,8,6,4,3,1,21,23,25,27,29,31,33,35,39,37]"
run_60_custom_N40_focused_calibrated_penalty_repair_batch40_cae_inp_generation,stage3_run59_N40_focused_calibrated_penalty_repair_batch40_v01,custom_run58_N40_focused_calibrated_penalty_repair_batch40,40,S3R59N40PR40_N40_B09_n40_penalty_repair,,,N40_penalty_repair_local_search,offline_mutation_or_pointer_proxy,N40_penalty_repair_local_search,constrained_reward_balance,0.7119202044025156,0.7131930512138239,,,,0.6849818577648764,0.925706771860618,0.7128748395109967,0.0115281898683598,0.0269383466376391,0.05,S3R39N2440B60_N40_B02_n40_u2_near,,,True,E:\Projects\RL-LAM-ScanOpt\outputs\stage3_run_59_run58_N40_focused_calibrated_penalty_repair_batch40_handoff_package\scan_orders\scan_order_S3R59N40PR40_N40_B09_n40_penalty_repair.json,d23075235a46d076,J2D_S3R59N40PR40_N40_B09_n40_penalty_repair,E:\Projects\RL-LAM-ScanOpt\cae_model\stage3_run59_N40_focused_calibrated_penalty_repair_batch40_v01\N40S3R59N40PR40_N40_B09_n40_penalty_repair,E:\Projects\RL-LAM-ScanOpt\cae_model\stage3_run59_N40_focused_calibrated_penalty_repair_batch40_v01\N40S3R59N40PR40_N40_B09_n40_penalty_repair\scan_order_S3R59N40PR40_N40_B09_n40_penalty_repair.json,E:\Projects\RL-LAM-ScanOpt\cae_model\stage3_run59_N40_focused_calibrated_penalty_repair_batch40_v01\N40S3R59N40PR40_N40_B09_n40_penalty_repair\J2D_S3R59N40PR40_N40_B09_n40_penalty_repair.cae,E:\Projects\RL-LAM-ScanOpt\cae_model\stage3_run59_N40_focused_calibrated_penalty_repair_batch40_v01\N40S3R59N40PR40_N40_B09_n40_penalty_repair\J2D_S3R59N40PR40_N40_B09_n40_penalty_repair.inp,E:\Projects\RL-LAM-ScanOpt\cae_model\stage3_run59_N40_focused_calibrated_penalty_repair_batch40_v01\N40S3R59N40PR40_N40_B09_n40_penalty_repair\J2D_S3R59N40PR40_N40_B09_n40_penalty_repair.jnl,E:\Projects\RL-LAM-ScanOpt\cae_model\stage3_run59_N40_focused_calibrated_penalty_repair_batch40_v01\N40S3R59N40PR40_N40_B09_n40_penalty_repair\J2D_S3R59N40PR40_N40_B09_n40_penalty_repair.generation_log.json,False,NOT_RUN,NOT_SUBMITTED,"[0,2,5,7,9,11,13,15,17,19,38,36,34,32,30,28,26,24,22,20,18,16,14,12,10,8,6,4,3,1,21,23,25,27,29,31,33,35,37,39]"
run_60_custom_N40_focused_calibrated_penalty_repair_batch40_cae_inp_generation,stage3_run59_N40_focused_calibrated_penalty_repair_batch40_v01,custom_run58_N40_focused_calibrated_penalty_repair_batch40,40,S3R59N40PR40_N40_B10_n40_penalty_repair,,,N40_penalty_repair_local_search,offline_mutation_or_pointer_proxy,N40_penalty_repair_local_search,constrained_reward_balance,0.6374810197663973,0.632009783737469,,,,0.6135202405142028,0.9020381328073636,0.6360298363344445,0.0253764252812857,0.0239607792521944,0.3,S3R54CAL64_N40_B06_n40_strict_repair,,,True,E:\Projects\RL-LAM-ScanOpt\outputs\stage3_run_59_run58_N40_focused_calibrated_penalty_repair_batch40_handoff_package\scan_orders\scan_order_S3R59N40PR40_N40_B10_n40_penalty_repair.json,3832a9ba497d7f22,J2D_S3R59N40PR40_N40_B10_n40_penalty_repair,E:\Projects\RL-LAM-ScanOpt\cae_model\stage3_run59_N40_focused_calibrated_penalty_repair_batch40_v01\N40S3R59N40PR40_N40_B10_n40_penalty_repair,E:\Projects\RL-LAM-ScanOpt\cae_model\stage3_run59_N40_focused_calibrated_penalty_repair_batch40_v01\N40S3R59N40PR40_N40_B10_n40_penalty_repair\scan_order_S3R59N40PR40_N40_B10_n40_penalty_repair.json,E:\Projects\RL-LAM-ScanOpt\cae_model\stage3_run59_N40_focused_calibrated_penalty_repair_batch40_v01\N40S3R59N40PR40_N40_B10_n40_penalty_repair\J2D_S3R59N40PR40_N40_B10_n40_penalty_repair.cae,E:\Projects\RL-LAM-ScanOpt\cae_model\stage3_run59_N40_focused_calibrated_penalty_repair_batch40_v01\N40S3R59N40PR40_N40_B10_n40_penalty_repair\J2D_S3R59N40PR40_N40_B10_n40_penalty_repair.inp,E:\Projects\RL-LAM-ScanOpt\cae_model\stage3_run59_N40_focused_calibrated_penalty_repair_batch40_v01\N40S3R59N40PR40_N40_B10_n40_penalty_repair\J2D_S3R59N40PR40_N40_B10_n40_penalty_repair.jnl,E:\Projects\RL-LAM-ScanOpt\cae_model\stage3_run59_N40_focused_calibrated_penalty_repair_batch40_v01\N40S3R59N40PR40_N40_B10_n40_penalty_repair\J2D_S3R59N40PR40_N40_B10_n40_penalty_repair.generation_log.json,False,NOT_RUN,NOT_SUBMITTED,"[36,34,19,17,15,13,11,9,7,5,2,0,38,32,30,28,26,24,22,20,18,16,14,12,10,8,6,4,3,1,21,23,25,27,29,31,33,35,37,39]"
run_60_custom_N40_focused_calibrated_penalty_repair_batch40_cae_inp_generation,stage3_run59_N40_focused_calibrated_penalty_repair_batch40_v01,custom_run58_N40_focused_calibrated_penalty_repair_batch40,40,S3R59N40PR40_N40_B11_n40_penalty_repair,,,N40_penalty_repair_local_search,offline_mutation_or_pointer_proxy,N40_penalty_repair_local_search,constrained_reward_balance,0.7119202044025156,0.7131930512138239,,,,0.6849818577648764,0.925706771860618,0.7128748395109967,0.0109576579466452,0.0269383466376391,0.05,S3R54CAL64_N40_B09_penalty_repair,,,True,E:\Projects\RL-LAM-ScanOpt\outputs\stage3_run_59_run58_N40_focused_calibrated_penalty_repair_batch40_handoff_package\scan_orders\scan_order_S3R59N40PR40_N40_B11_n40_penalty_repair.json,5505d4051bd3897c,J2D_S3R59N40PR40_N40_B11_n40_penalty_repair,E:\Projects\RL-LAM-ScanOpt\cae_model\stage3_run59_N40_focused_calibrated_penalty_repair_batch40_v01\N40S3R59N40PR40_N40_B11_n40_penalty_repair,E:\Projects\RL-LAM-ScanOpt\cae_model\stage3_run59_N40_focused_calibrated_penalty_repair_batch40_v01\N40S3R59N40PR40_N40_B11_n40_penalty_repair\scan_order_S3R59N40PR40_N40_B11_n40_penalty_repair.json,E:\Projects\RL-LAM-ScanOpt\cae_model\stage3_run59_N40_focused_calibrated_penalty_repair_batch40_v01\N40S3R59N40PR40_N40_B11_n40_penalty_repair\J2D_S3R59N40PR40_N40_B11_n40_penalty_repair.cae,E:\Projects\RL-LAM-ScanOpt\cae_model\stage3_run59_N40_focused_calibrated_penalty_repair_batch40_v01\N40S3R59N40PR40_N40_B11_n40_penalty_repair\J2D_S3R59N40PR40_N40_B11_n40_penalty_repair.inp,E:\Projects\RL-LAM-ScanOpt\cae_model\stage3_run59_N40_focused_calibrated_penalty_repair_batch40_v01\N40S3R59N40PR40_N40_B11_n40_penalty_repair\J2D_S3R59N40PR40_N40_B11_n40_penalty_repair.jnl,E:\Projects\RL-LAM-ScanOpt\cae_model\stage3_run59_N40_focused_calibrated_penalty_repair_batch40_v01\N40S3R59N40PR40_N40_B11_n40_penalty_repair\J2D_S3R59N40PR40_N40_B11_n40_penalty_repair.generation_log.json,False,NOT_RUN,NOT_SUBMITTED,"[0,2,5,7,9,11,13,15,17,19,22,24,26,28,30,32,38,36,34,20,18,16,14,12,10,8,6,4,3,1,21,23,25,27,29,31,33,35,37,39]"
run_60_custom_N40_focused_calibrated_penalty_repair_batch40_cae_inp_generation,stage3_run59_N40_focused_calibrated_penalty_repair_batch40_v01,custom_run58_N40_focused_calibrated_penalty_repair_batch40,40,S3R59N40PR40_N40_B12_n40_penalty_top,,,N40_penalty_repair_top,existing_pool_selection,N40_penalty_repair_top,constrained_reward_balance,0.6214465408805033,0.6225089997891162,,,,0.5981271407837446,0.9125575279421432,0.622243385061963,0.0093986324127616,0.0233194000967587,0.475,S3R54CAL64_N40_B08_n40_strict_repair,,,True,E:\Projects\RL-LAM-ScanOpt\outputs\stage3_run_59_run58_N40_focused_calibrated_penalty_repair_batch40_handoff_package\scan_orders\scan_order_S3R59N40PR40_N40_B12_n40_penalty_top.json,8effde4fb1895f8e,J2D_S3R59N40PR40_N40_B12_n40_penalty_top,E:\Projects\RL-LAM-ScanOpt\cae_model\stage3_run59_N40_focused_calibrated_penalty_repair_batch40_v01\N40S3R59N40PR40_N40_B12_n40_penalty_top,E:\Projects\RL-LAM-ScanOpt\cae_model\stage3_run59_N40_focused_calibrated_penalty_repair_batch40_v01\N40S3R59N40PR40_N40_B12_n40_penalty_top\scan_order_S3R59N40PR40_N40_B12_n40_penalty_top.json,E:\Projects\RL-LAM-ScanOpt\cae_model\stage3_run59_N40_focused_calibrated_penalty_repair_batch40_v01\N40S3R59N40PR40_N40_B12_n40_penalty_top\J2D_S3R59N40PR40_N40_B12_n40_penalty_top.cae,E:\Projects\RL-LAM-ScanOpt\cae_model\stage3_run59_N40_focused_calibrated_penalty_repair_batch40_v01\N40S3R59N40PR40_N40_B12_n40_penalty_top\J2D_S3R59N40PR40_N40_B12_n40_penalty_top.inp,E:\Projects\RL-LAM-ScanOpt\cae_model\stage3_run59_N40_focused_calibrated_penalty_repair_batch40_v01\N40S3R59N40PR40_N40_B12_n40_penalty_top\J2D_S3R59N40PR40_N40_B12_n40_penalty_top.jnl,E:\Projects\RL-LAM-ScanOpt\cae_model\stage3_run59_N40_focused_calibrated_penalty_repair_batch40_v01\N40S3R59N40PR40_N40_B12_n40_penalty_top\J2D_S3R59N40PR40_N40_B12_n40_penalty_top.generation_log.json,False,NOT_RUN,NOT_SUBMITTED,"[0,2,5,7,9,21,1,3,4,6,8,10,12,14,16,18,20,22,24,26,28,30,32,38,36,34,19,17,15,13,11,23,25,27,29,31,33,35,37,39]"
run_60_custom_N40_focused_calibrated_penalty_repair_batch40_cae_inp_generation,stage3_run59_N40_focused_calibrated_penalty_repair_batch40_v01,custom_run58_N40_focused_calibrated_penalty_repair_batch40,40,S3R59N40PR40_N40_B13_n40_penalty_top,,,N40_penalty_repair_top,existing_pool_selection,N40_penalty_repair_top,constrained_reward_balance,0.61796709344115,0.6176628528099862,,,,0.5952996917547859,0.9092702169625246,0.6186283360447002,0.020633542139715,0.022667401686364,0.65,S3R54CAL64_N40_B02_n40_strict_top,,,True,E:\Projects\RL-LAM-ScanOpt\outputs\stage3_run_59_run58_N40_focused_calibrated_penalty_repair_batch40_handoff_package\scan_orders\scan_order_S3R59N40PR40_N40_B13_n40_penalty_top.json,599db4efe4625099,J2D_S3R59N40PR40_N40_B13_n40_penalty_top,E:\Projects\RL-LAM-ScanOpt\cae_model\stage3_run59_N40_focused_calibrated_penalty_repair_batch40_v01\N40S3R59N40PR40_N40_B13_n40_penalty_top,E:\Projects\RL-LAM-ScanOpt\cae_model\stage3_run59_N40_focused_calibrated_penalty_repair_batch40_v01\N40S3R59N40PR40_N40_B13_n40_penalty_top\scan_order_S3R59N40PR40_N40_B13_n40_penalty_top.json,E:\Projects\RL-LAM-ScanOpt\cae_model\stage3_run59_N40_focused_calibrated_penalty_repair_batch40_v01\N40S3R59N40PR40_N40_B13_n40_penalty_top\J2D_S3R59N40PR40_N40_B13_n40_penalty_top.cae,E:\Projects\RL-LAM-ScanOpt\cae_model\stage3_run59_N40_focused_calibrated_penalty_repair_batch40_v01\N40S3R59N40PR40_N40_B13_n40_penalty_top\J2D_S3R59N40PR40_N40_B13_n40_penalty_top.inp,E:\Projects\RL-LAM-ScanOpt\cae_model\stage3_run59_N40_focused_calibrated_penalty_repair_batch40_v01\N40S3R59N40PR40_N40_B13_n40_penalty_top\J2D_S3R59N40PR40_N40_B13_n40_penalty_top.jnl,E:\Projects\RL-LAM-ScanOpt\cae_model\stage3_run59_N40_focused_calibrated_penalty_repair_batch40_v01\N40S3R59N40PR40_N40_B13_n40_penalty_top\J2D_S3R59N40PR40_N40_B13_n40_penalty_top.generation_log.json,False,NOT_RUN,NOT_SUBMITTED,"[25,23,21,1,3,4,6,8,10,12,14,16,18,20,22,24,26,28,30,32,38,36,34,19,17,15,13,11,9,7,5,2,0,27,29,31,33,35,37,39]"
run_60_custom_N40_focused_calibrated_penalty_repair_batch40_cae_inp_generation,stage3_run59_N40_focused_calibrated_penalty_repair_batch40_v01,custom_run58_N40_focused_calibrated_penalty_repair_batch40,40,S3R59N40PR40_N40_B14_n40_penalty_top,,,N40_penalty_repair_top,existing_pool_selection,N40_penalty_repair_top,constrained_reward_balance,0.6268553459119496,0.6281071539329884,,,,0.6033195936139331,0.9243918474687706,0.6277942019277287,0.0054057784114444,0.0235357522980165,0.05,S3R54CAL64_N40_B11_penalty_repair,,,True,E:\Projects\RL-LAM-ScanOpt\outputs\stage3_run_59_run58_N40_focused_calibrated_penalty_repair_batch40_handoff_package\scan_orders\scan_order_S3R59N40PR40_N40_B14_n40_penalty_top.json,4c0745929566fc08,J2D_S3R59N40PR40_N40_B14_n40_penalty_top,E:\Projects\RL-LAM-ScanOpt\cae_model\stage3_run59_N40_focused_calibrated_penalty_repair_batch40_v01\N40S3R59N40PR40_N40_B14_n40_penalty_top,E:\Projects\RL-LAM-ScanOpt\cae_model\stage3_run59_N40_focused_calibrated_penalty_repair_batch40_v01\N40S3R59N40PR40_N40_B14_n40_penalty_top\scan_order_S3R59N40PR40_N40_B14_n40_penalty_top.json,E:\Projects\RL-LAM-ScanOpt\cae_model\stage3_run59_N40_focused_calibrated_penalty_repair_batch40_v01\N40S3R59N40PR40_N40_B14_n40_penalty_top\J2D_S3R59N40PR40_N40_B14_n40_penalty_top.cae,E:\Projects\RL-LAM-ScanOpt\cae_model\stage3_run59_N40_focused_calibrated_penalty_repair_batch40_v01\N40S3R59N40PR40_N40_B14_n40_penalty_top\J2D_S3R59N40PR40_N40_B14_n40_penalty_top.inp,E:\Projects\RL-LAM-ScanOpt\cae_model\stage3_run59_N40_focused_calibrated_penalty_repair_batch40_v01\N40S3R59N40PR40_N40_B14_n40_penalty_top\J2D_S3R59N40PR40_N40_B14_n40_penalty_top.jnl,E:\Projects\RL-LAM-ScanOpt\cae_model\stage3_run59_N40_focused_calibrated_penalty_repair_batch40_v01\N40S3R59N40PR40_N40_B14_n40_penalty_top\J2D_S3R59N40PR40_N40_B14_n40_penalty_top.generation_log.json,False,NOT_RUN,NOT_SUBMITTED,"[0,2,3,7,9,11,13,15,17,19,34,36,38,32,30,28,26,24,22,20,18,16,14,12,10,8,6,4,5,1,21,23,25,27,29,31,33,35,37,39]"
run_60_custom_N40_focused_calibrated_penalty_repair_batch40_cae_inp_generation,stage3_run59_N40_focused_calibrated_penalty_repair_batch40_v01,custom_run58_N40_focused_calibrated_penalty_repair_batch40,40,S3R59N40PR40_N40_B15_n40_penalty_top,,,N40_penalty_repair_top,existing_pool_selection,N40_penalty_repair_top,constrained_reward_balance,0.6158647798742136,0.6171586654757915,,,,0.5927686502177065,0.9270216962524654,0.616835194075397,0.0209813662619363,0.023096129656507,0.525,S3R54CAL64_N40_B30_mises_repair,,,True,E:\Projects\RL-LAM-ScanOpt\outputs\stage3_run_59_run58_N40_focused_calibrated_penalty_repair_batch40_handoff_package\scan_orders\scan_order_S3R59N40PR40_N40_B15_n40_penalty_top.json,5c68de5d40a2a69f,J2D_S3R59N40PR40_N40_B15_n40_penalty_top,E:\Projects\RL-LAM-ScanOpt\cae_model\stage3_run59_N40_focused_calibrated_penalty_repair_batch40_v01\N40S3R59N40PR40_N40_B15_n40_penalty_top,E:\Projects\RL-LAM-ScanOpt\cae_model\stage3_run59_N40_focused_calibrated_penalty_repair_batch40_v01\N40S3R59N40PR40_N40_B15_n40_penalty_top\scan_order_S3R59N40PR40_N40_B15_n40_penalty_top.json,E:\Projects\RL-LAM-ScanOpt\cae_model\stage3_run59_N40_focused_calibrated_penalty_repair_batch40_v01\N40S3R59N40PR40_N40_B15_n40_penalty_top\J2D_S3R59N40PR40_N40_B15_n40_penalty_top.cae,E:\Projects\RL-LAM-ScanOpt\cae_model\stage3_run59_N40_focused_calibrated_penalty_repair_batch40_v01\N40S3R59N40PR40_N40_B15_n40_penalty_top\J2D_S3R59N40PR40_N40_B15_n40_penalty_top.inp,E:\Projects\RL-LAM-ScanOpt\cae_model\stage3_run59_N40_focused_calibrated_penalty_repair_batch40_v01\N40S3R59N40PR40_N40_B15_n40_penalty_top\J2D_S3R59N40PR40_N40_B15_n40_penalty_top.jnl,E:\Projects\RL-LAM-ScanOpt\cae_model\stage3_run59_N40_focused_calibrated_penalty_repair_batch40_v01\N40S3R59N40PR40_N40_B15_n40_penalty_top\J2D_S3R59N40PR40_N40_B15_n40_penalty_top.generation_log.json,False,NOT_RUN,NOT_SUBMITTED,"[0,2,5,7,9,11,13,15,17,19,33,31,29,27,25,23,21,1,3,4,6,8,10,12,14,16,18,20,22,24,26,28,30,32,38,36,34,35,37,39]"
run_60_custom_N40_focused_calibrated_penalty_repair_batch40_cae_inp_generation,stage3_run59_N40_focused_calibrated_penalty_repair_batch40_v01,custom_run58_N40_focused_calibrated_penalty_repair_batch40,40,S3R59N40PR40_N40_B16_n40_two_stage,,,N40_two_stage_penalty_repair,offline_mutation_or_pointer_proxy,N40_two_stage_penalty_repair,constrained_reward_balance,0.7119202044025156,0.7131930512138239,,,,0.6849818577648764,0.925706771860618,0.7128748395109967,0.0066764213266015,0.0269383466376391,0.05,S3R54CAL64_N40_B12_penalty_repair,,,True,E:\Projects\RL-LAM-ScanOpt\outputs\stage3_run_59_run58_N40_focused_calibrated_penalty_repair_batch40_handoff_package\scan_orders\scan_order_S3R59N40PR40_N40_B16_n40_two_stage.json,2ef7cc7850d02d4b,J2D_S3R59N40PR40_N40_B16_n40_two_stage,E:\Projects\RL-LAM-ScanOpt\cae_model\stage3_run59_N40_focused_calibrated_penalty_repair_batch40_v01\N40S3R59N40PR40_N40_B16_n40_two_stage,E:\Projects\RL-LAM-ScanOpt\cae_model\stage3_run59_N40_focused_calibrated_penalty_repair_batch40_v01\N40S3R59N40PR40_N40_B16_n40_two_stage\scan_order_S3R59N40PR40_N40_B16_n40_two_stage.json,E:\Projects\RL-LAM-ScanOpt\cae_model\stage3_run59_N40_focused_calibrated_penalty_repair_batch40_v01\N40S3R59N40PR40_N40_B16_n40_two_stage\J2D_S3R59N40PR40_N40_B16_n40_two_stage.cae,E:\Projects\RL-LAM-ScanOpt\cae_model\stage3_run59_N40_focused_calibrated_penalty_repair_batch40_v01\N40S3R59N40PR40_N40_B16_n40_two_stage\J2D_S3R59N40PR40_N40_B16_n40_two_stage.inp,E:\Projects\RL-LAM-ScanOpt\cae_model\stage3_run59_N40_focused_calibrated_penalty_repair_batch40_v01\N40S3R59N40PR40_N40_B16_n40_two_stage\J2D_S3R59N40PR40_N40_B16_n40_two_stage.jnl,E:\Projects\RL-LAM-ScanOpt\cae_model\stage3_run59_N40_focused_calibrated_penalty_repair_batch40_v01\N40S3R59N40PR40_N40_B16_n40_two_stage\J2D_S3R59N40PR40_N40_B16_n40_two_stage.generation_log.json,False,NOT_RUN,NOT_SUBMITTED,"[0,2,5,7,9,11,13,15,17,19,24,26,28,30,32,38,36,34,22,20,18,16,14,12,10,8,6,4,3,1,21,23,25,27,29,31,33,35,37,39]"
run_60_custom_N40_focused_calibrated_penalty_repair_batch40_cae_inp_generation,stage3_run59_N40_focused_calibrated_penalty_repair_batch40_v01,custom_run58_N40_focused_calibrated_penalty_repair_batch40,40,S3R59N40PR40_N40_B17_n40_two_stage,,,N40_two_stage_penalty_repair,offline_mutation_or_pointer_proxy,N40_two_stage_penalty_repair,constrained_reward_balance,0.7119202044025156,0.7131930512138239,,,,0.6849818577648764,0.925706771860618,0.7128748395109967,0.0050747658663818,0.0269383466376391,0.05,S3R54CAL64_N40_B11_penalty_repair,,,True,E:\Projects\RL-LAM-ScanOpt\outputs\stage3_run_59_run58_N40_focused_calibrated_penalty_repair_batch40_handoff_package\scan_orders\scan_order_S3R59N40PR40_N40_B17_n40_two_stage.json,d48ea0f533c23728,J2D_S3R59N40PR40_N40_B17_n40_two_stage,E:\Projects\RL-LAM-ScanOpt\cae_model\stage3_run59_N40_focused_calibrated_penalty_repair_batch40_v01\N40S3R59N40PR40_N40_B17_n40_two_stage,E:\Projects\RL-LAM-ScanOpt\cae_model\stage3_run59_N40_focused_calibrated_penalty_repair_batch40_v01\N40S3R59N40PR40_N40_B17_n40_two_stage\scan_order_S3R59N40PR40_N40_B17_n40_two_stage.json,E:\Projects\RL-LAM-ScanOpt\cae_model\stage3_run59_N40_focused_calibrated_penalty_repair_batch40_v01\N40S3R59N40PR40_N40_B17_n40_two_stage\J2D_S3R59N40PR40_N40_B17_n40_two_stage.cae,E:\Projects\RL-LAM-ScanOpt\cae_model\stage3_run59_N40_focused_calibrated_penalty_repair_batch40_v01\N40S3R59N40PR40_N40_B17_n40_two_stage\J2D_S3R59N40PR40_N40_B17_n40_two_stage.inp,E:\Projects\RL-LAM-ScanOpt\cae_model\stage3_run59_N40_focused_calibrated_penalty_repair_batch40_v01\N40S3R59N40PR40_N40_B17_n40_two_stage\J2D_S3R59N40PR40_N40_B17_n40_two_stage.jnl,E:\Projects\RL-LAM-ScanOpt\cae_model\stage3_run59_N40_focused_calibrated_penalty_repair_batch40_v01\N40S3R59N40PR40_N40_B17_n40_two_stage\J2D_S3R59N40PR40_N40_B17_n40_two_stage.generation_log.json,False,NOT_RUN,NOT_SUBMITTED,"[0,2,4,7,9,11,13,15,17,19,34,36,38,32,30,28,26,24,22,20,18,16,14,12,10,8,6,5,3,1,21,23,25,27,29,31,33,35,37,39]"
run_60_custom_N40_focused_calibrated_penalty_repair_batch40_cae_inp_generation,stage3_run59_N40_focused_calibrated_penalty_repair_batch40_v01,custom_run58_N40_focused_calibrated_penalty_repair_batch40,40,S3R59N40PR40_N40_B18_n40_two_stage,,,N40_two_stage_penalty_repair,offline_mutation_or_pointer_proxy,N40_two_stage_penalty_repair,constrained_reward_balance,0.6337358209793351,0.6366496934316691,,,,0.6109504907042642,0.925706771860618,0.6359212253185856,0.0253240503053721,0.0227853302750709,0.6,S3R54CAL64_N40_B11_penalty_repair,,,True,E:\Projects\RL-LAM-ScanOpt\outputs\stage3_run_59_run58_N40_focused_calibrated_penalty_repair_batch40_handoff_package\scan_orders\scan_order_S3R59N40PR40_N40_B18_n40_two_stage.json,ea308832741b0399,J2D_S3R59N40PR40_N40_B18_n40_two_stage,E:\Projects\RL-LAM-ScanOpt\cae_model\stage3_run59_N40_focused_calibrated_penalty_repair_batch40_v01\N40S3R59N40PR40_N40_B18_n40_two_stage,E:\Projects\RL-LAM-ScanOpt\cae_model\stage3_run59_N40_focused_calibrated_penalty_repair_batch40_v01\N40S3R59N40PR40_N40_B18_n40_two_stage\scan_order_S3R59N40PR40_N40_B18_n40_two_stage.json,E:\Projects\RL-LAM-ScanOpt\cae_model\stage3_run59_N40_focused_calibrated_penalty_repair_batch40_v01\N40S3R59N40PR40_N40_B18_n40_two_stage\J2D_S3R59N40PR40_N40_B18_n40_two_stage.cae,E:\Projects\RL-LAM-ScanOpt\cae_model\stage3_run59_N40_focused_calibrated_penalty_repair_batch40_v01\N40S3R59N40PR40_N40_B18_n40_two_stage\J2D_S3R59N40PR40_N40_B18_n40_two_stage.inp,E:\Projects\RL-LAM-ScanOpt\cae_model\stage3_run59_N40_focused_calibrated_penalty_repair_batch40_v01\N40S3R59N40PR40_N40_B18_n40_two_stage\J2D_S3R59N40PR40_N40_B18_n40_two_stage.jnl,E:\Projects\RL-LAM-ScanOpt\cae_model\stage3_run59_N40_focused_calibrated_penalty_repair_batch40_v01\N40S3R59N40PR40_N40_B18_n40_two_stage\J2D_S3R59N40PR40_N40_B18_n40_two_stage.generation_log.json,False,NOT_RUN,NOT_SUBMITTED,"[0,2,5,7,9,11,13,15,17,19,34,36,38,35,33,31,29,27,25,23,21,1,3,4,6,8,10,12,14,16,18,20,22,24,26,28,30,32,37,39]"
run_60_custom_N40_focused_calibrated_penalty_repair_batch40_cae_inp_generation,stage3_run59_N40_focused_calibrated_penalty_repair_batch40_v01,custom_run58_N40_focused_calibrated_penalty_repair_batch40,40,S3R59N40PR40_N40_B19_n40_u2ret_repair,,,N40_u2_reward_retention_local_repair,offline_mutation_or_pointer_proxy,N40_u2_reward_retention_local_repair,constrained_reward_balance,0.7119202044025157,0.713193051213824,,,,0.6849818577648765,0.925706771860618,0.7128748395109968,0.0152387362979721,0.0269383466376391,0.1,S3R44CNS_N40_B01_reward_balanced,,,True,E:\Projects\RL-LAM-ScanOpt\outputs\stage3_run_59_run58_N40_focused_calibrated_penalty_repair_batch40_handoff_package\scan_orders\scan_order_S3R59N40PR40_N40_B19_n40_u2ret_repair.json,d6a7df55f77df95f,J2D_S3R59N40PR40_N40_B19_n40_u2ret_repair,E:\Projects\RL-LAM-ScanOpt\cae_model\stage3_run59_N40_focused_calibrated_penalty_repair_batch40_v01\N40S3R59N40PR40_N40_B19_n40_u2ret_repair,E:\Projects\RL-LAM-ScanOpt\cae_model\stage3_run59_N40_focused_calibrated_penalty_repair_batch40_v01\N40S3R59N40PR40_N40_B19_n40_u2ret_repair\scan_order_S3R59N40PR40_N40_B19_n40_u2ret_repair.json,E:\Projects\RL-LAM-ScanOpt\cae_model\stage3_run59_N40_focused_calibrated_penalty_repair_batch40_v01\N40S3R59N40PR40_N40_B19_n40_u2ret_repair\J2D_S3R59N40PR40_N40_B19_n40_u2ret_repair.cae,E:\Projects\RL-LAM-ScanOpt\cae_model\stage3_run59_N40_focused_calibrated_penalty_repair_batch40_v01\N40S3R59N40PR40_N40_B19_n40_u2ret_repair\J2D_S3R59N40PR40_N40_B19_n40_u2ret_repair.inp,E:\Projects\RL-LAM-ScanOpt\cae_model\stage3_run59_N40_focused_calibrated_penalty_repair_batch40_v01\N40S3R59N40PR40_N40_B19_n40_u2ret_repair\J2D_S3R59N40PR40_N40_B19_n40_u2ret_repair.jnl,E:\Projects\RL-LAM-ScanOpt\cae_model\stage3_run59_N40_focused_calibrated_penalty_repair_batch40_v01\N40S3R59N40PR40_N40_B19_n40_u2ret_repair\J2D_S3R59N40PR40_N40_B19_n40_u2ret_repair.generation_log.json,False,NOT_RUN,NOT_SUBMITTED,"[0,3,5,7,9,11,13,15,17,19,24,26,28,30,34,36,38,32,22,20,18,16,14,12,10,8,6,4,2,1,21,23,25,27,29,31,33,35,37,39]"
run_60_custom_N40_focused_calibrated_penalty_repair_batch40_cae_inp_generation,stage3_run59_N40_focused_calibrated_penalty_repair_batch40_v01,custom_run58_N40_focused_calibrated_penalty_repair_batch40,40,S3R59N40PR40_N40_B20_n40_u2ret_repair,,,N40_u2_reward_retention_local_repair,offline_mutation_or_pointer_proxy,N40_u2_reward_retention_local_repair,constrained_reward_balance,0.7119202044025157,0.713193051213824,,,,0.6849818577648765,0.925706771860618,0.7128748395109968,0.0035831804373324,0.0269383466376391,0.125,S3R49SCN_N40_B15_mises_repair,,,True,E:\Projects\RL-LAM-ScanOpt\outputs\stage3_run_59_run58_N40_focused_calibrated_penalty_repair_batch40_handoff_package\scan_orders\scan_order_S3R59N40PR40_N40_B20_n40_u2ret_repair.json,338a4d92a6b93af9,J2D_S3R59N40PR40_N40_B20_n40_u2ret_repair,E:\Projects\RL-LAM-ScanOpt\cae_model\stage3_run59_N40_focused_calibrated_penalty_repair_batch40_v01\N40S3R59N40PR40_N40_B20_n40_u2ret_repair,E:\Projects\RL-LAM-ScanOpt\cae_model\stage3_run59_N40_focused_calibrated_penalty_repair_batch40_v01\N40S3R59N40PR40_N40_B20_n40_u2ret_repair\scan_order_S3R59N40PR40_N40_B20_n40_u2ret_repair.json,E:\Projects\RL-LAM-ScanOpt\cae_model\stage3_run59_N40_focused_calibrated_penalty_repair_batch40_v01\N40S3R59N40PR40_N40_B20_n40_u2ret_repair\J2D_S3R59N40PR40_N40_B20_n40_u2ret_repair.cae,E:\Projects\RL-LAM-ScanOpt\cae_model\stage3_run59_N40_focused_calibrated_penalty_repair_batch40_v01\N40S3R59N40PR40_N40_B20_n40_u2ret_repair\J2D_S3R59N40PR40_N40_B20_n40_u2ret_repair.inp,E:\Projects\RL-LAM-ScanOpt\cae_model\stage3_run59_N40_focused_calibrated_penalty_repair_batch40_v01\N40S3R59N40PR40_N40_B20_n40_u2ret_repair\J2D_S3R59N40PR40_N40_B20_n40_u2ret_repair.jnl,E:\Projects\RL-LAM-ScanOpt\cae_model\stage3_run59_N40_focused_calibrated_penalty_repair_batch40_v01\N40S3R59N40PR40_N40_B20_n40_u2ret_repair\J2D_S3R59N40PR40_N40_B20_n40_u2ret_repair.generation_log.json,False,NOT_RUN,NOT_SUBMITTED,"[0,3,5,7,9,11,13,15,17,19,24,26,34,36,38,32,30,28,22,20,18,16,14,12,10,8,6,4,2,1,21,23,25,27,29,31,33,35,37,39]"
run_60_custom_N40_focused_calibrated_penalty_repair_batch40_cae_inp_generation,stage3_run59_N40_focused_calibrated_penalty_repair_batch40_v01,custom_run58_N40_focused_calibrated_penalty_repair_batch40,40,S3R59N40PR40_N40_B21_n40_u2ret_repair,,,N40_u2_reward_retention_local_repair,offline_mutation_or_pointer_proxy,N40_u2_reward_retention_local_repair,constrained_reward_balance,0.7119202044025157,0.713193051213824,,,,0.6849818577648765,0.925706771860618,0.7128748395109968,0.0129701358524501,0.0269383466376391,0.125,S3R44CNS_N40_B07_surfacet_guarded,,,True,E:\Projects\RL-LAM-ScanOpt\outputs\stage3_run_59_run58_N40_focused_calibrated_penalty_repair_batch40_handoff_package\scan_orders\scan_order_S3R59N40PR40_N40_B21_n40_u2ret_repair.json,d97f5f24b924530b,J2D_S3R59N40PR40_N40_B21_n40_u2ret_repair,E:\Projects\RL-LAM-ScanOpt\cae_model\stage3_run59_N40_focused_calibrated_penalty_repair_batch40_v01\N40S3R59N40PR40_N40_B21_n40_u2ret_repair,E:\Projects\RL-LAM-ScanOpt\cae_model\stage3_run59_N40_focused_calibrated_penalty_repair_batch40_v01\N40S3R59N40PR40_N40_B21_n40_u2ret_repair\scan_order_S3R59N40PR40_N40_B21_n40_u2ret_repair.json,E:\Projects\RL-LAM-ScanOpt\cae_model\stage3_run59_N40_focused_calibrated_penalty_repair_batch40_v01\N40S3R59N40PR40_N40_B21_n40_u2ret_repair\J2D_S3R59N40PR40_N40_B21_n40_u2ret_repair.cae,E:\Projects\RL-LAM-ScanOpt\cae_model\stage3_run59_N40_focused_calibrated_penalty_repair_batch40_v01\N40S3R59N40PR40_N40_B21_n40_u2ret_repair\J2D_S3R59N40PR40_N40_B21_n40_u2ret_repair.inp,E:\Projects\RL-LAM-ScanOpt\cae_model\stage3_run59_N40_focused_calibrated_penalty_repair_batch40_v01\N40S3R59N40PR40_N40_B21_n40_u2ret_repair\J2D_S3R59N40PR40_N40_B21_n40_u2ret_repair.jnl,E:\Projects\RL-LAM-ScanOpt\cae_model\stage3_run59_N40_focused_calibrated_penalty_repair_batch40_v01\N40S3R59N40PR40_N40_B21_n40_u2ret_repair\J2D_S3R59N40PR40_N40_B21_n40_u2ret_repair.generation_log.json,False,NOT_RUN,NOT_SUBMITTED,"[0,3,5,7,9,11,13,15,17,19,24,34,36,38,32,30,28,26,22,20,18,16,14,12,10,8,6,4,2,1,21,23,25,27,29,31,33,35,37,39]"
run_60_custom_N40_focused_calibrated_penalty_repair_batch40_cae_inp_generation,stage3_run59_N40_focused_calibrated_penalty_repair_batch40_v01,custom_run58_N40_focused_calibrated_penalty_repair_batch40,40,S3R59N40PR40_N40_B22_n40_u2ret_top,,,N40_u2_reward_retention_top,existing_pool_selection,N40_u2_reward_retention_top,constrained_reward_balance,0.7202830188679245,0.7215348268889632,,,,0.6930101596516689,0.9243918474687706,0.7212218748837036,0.0208537626946007,0.0272728592162555,0.05,S3R54CAL64_N40_B12_penalty_repair,,,True,E:\Projects\RL-LAM-ScanOpt\outputs\stage3_run_59_run58_N40_focused_calibrated_penalty_repair_batch40_handoff_package\scan_orders\scan_order_S3R59N40PR40_N40_B22_n40_u2ret_top.json,2111f63fa8a24a1f,J2D_S3R59N40PR40_N40_B22_n40_u2ret_top,E:\Projects\RL-LAM-ScanOpt\cae_model\stage3_run59_N40_focused_calibrated_penalty_repair_batch40_v01\N40S3R59N40PR40_N40_B22_n40_u2ret_top,E:\Projects\RL-LAM-ScanOpt\cae_model\stage3_run59_N40_focused_calibrated_penalty_repair_batch40_v01\N40S3R59N40PR40_N40_B22_n40_u2ret_top\scan_order_S3R59N40PR40_N40_B22_n40_u2ret_top.json,E:\Projects\RL-LAM-ScanOpt\cae_model\stage3_run59_N40_focused_calibrated_penalty_repair_batch40_v01\N40S3R59N40PR40_N40_B22_n40_u2ret_top\J2D_S3R59N40PR40_N40_B22_n40_u2ret_top.cae,E:\Projects\RL-LAM-ScanOpt\cae_model\stage3_run59_N40_focused_calibrated_penalty_repair_batch40_v01\N40S3R59N40PR40_N40_B22_n40_u2ret_top\J2D_S3R59N40PR40_N40_B22_n40_u2ret_top.inp,E:\Projects\RL-LAM-ScanOpt\cae_model\stage3_run59_N40_focused_calibrated_penalty_repair_batch40_v01\N40S3R59N40PR40_N40_B22_n40_u2ret_top\J2D_S3R59N40PR40_N40_B22_n40_u2ret_top.jnl,E:\Projects\RL-LAM-ScanOpt\cae_model\stage3_run59_N40_focused_calibrated_penalty_repair_batch40_v01\N40S3R59N40PR40_N40_B22_n40_u2ret_top\J2D_S3R59N40PR40_N40_B22_n40_u2ret_top.generation_log.json,False,NOT_RUN,NOT_SUBMITTED,"[4,3,5,7,9,11,13,15,17,19,24,26,28,30,32,38,36,34,22,20,18,16,14,12,10,8,6,0,2,1,21,23,25,27,29,31,33,35,37,39]"
run_60_custom_N40_focused_calibrated_penalty_repair_batch40_cae_inp_generation,stage3_run59_N40_focused_calibrated_penalty_repair_batch40_v01,custom_run58_N40_focused_calibrated_penalty_repair_batch40,40,S3R59N40PR40_N40_B23_n40_u2ret_top,,,N40_u2_reward_retention_top,existing_pool_selection,N40_u2_reward_retention_top,constrained_reward_balance,0.7119202044025156,0.7131930512138239,,,,0.6849818577648764,0.925706771860618,0.7128748395109967,0.0091514274602505,0.0269383466376391,0.05,S3R54CAL64_N40_B12_penalty_repair,,,True,E:\Projects\RL-LAM-ScanOpt\outputs\stage3_run_59_run58_N40_focused_calibrated_penalty_repair_batch40_handoff_package\scan_orders\scan_order_S3R59N40PR40_N40_B23_n40_u2ret_top.json,43beaa0f788be14e,J2D_S3R59N40PR40_N40_B23_n40_u2ret_top,E:\Projects\RL-LAM-ScanOpt\cae_model\stage3_run59_N40_focused_calibrated_penalty_repair_batch40_v01\N40S3R59N40PR40_N40_B23_n40_u2ret_top,E:\Projects\RL-LAM-ScanOpt\cae_model\stage3_run59_N40_focused_calibrated_penalty_repair_batch40_v01\N40S3R59N40PR40_N40_B23_n40_u2ret_top\scan_order_S3R59N40PR40_N40_B23_n40_u2ret_top.json,E:\Projects\RL-LAM-ScanOpt\cae_model\stage3_run59_N40_focused_calibrated_penalty_repair_batch40_v01\N40S3R59N40PR40_N40_B23_n40_u2ret_top\J2D_S3R59N40PR40_N40_B23_n40_u2ret_top.cae,E:\Projects\RL-LAM-ScanOpt\cae_model\stage3_run59_N40_focused_calibrated_penalty_repair_batch40_v01\N40S3R59N40PR40_N40_B23_n40_u2ret_top\J2D_S3R59N40PR40_N40_B23_n40_u2ret_top.inp,E:\Projects\RL-LAM-ScanOpt\cae_model\stage3_run59_N40_focused_calibrated_penalty_repair_batch40_v01\N40S3R59N40PR40_N40_B23_n40_u2ret_top\J2D_S3R59N40PR40_N40_B23_n40_u2ret_top.jnl,E:\Projects\RL-LAM-ScanOpt\cae_model\stage3_run59_N40_focused_calibrated_penalty_repair_batch40_v01\N40S3R59N40PR40_N40_B23_n40_u2ret_top\J2D_S3R59N40PR40_N40_B23_n40_u2ret_top.generation_log.json,False,NOT_RUN,NOT_SUBMITTED,"[0,3,5,7,9,11,13,15,17,19,22,26,28,30,32,38,36,34,24,20,18,16,14,12,10,8,6,4,2,1,21,23,25,27,29,31,33,35,37,39]"
run_60_custom_N40_focused_calibrated_penalty_repair_batch40_cae_inp_generation,stage3_run59_N40_focused_calibrated_penalty_repair_batch40_v01,custom_run58_N40_focused_calibrated_penalty_repair_batch40,40,S3R59N40PR40_N40_B24_n40_u2ret_top,,,N40_u2_reward_retention_top,existing_pool_selection,N40_u2_reward_retention_top,constrained_reward_balance,0.7119202044025156,0.7131930512138239,,,,0.6849818577648764,0.925706771860618,0.7128748395109967,0.0061339542302891,0.0269383466376391,0.05,S3R54CAL64_N40_B12_penalty_repair,,,True,E:\Projects\RL-LAM-ScanOpt\outputs\stage3_run_59_run58_N40_focused_calibrated_penalty_repair_batch40_handoff_package\scan_orders\scan_order_S3R59N40PR40_N40_B24_n40_u2ret_top.json,780b3d41ea73762d,J2D_S3R59N40PR40_N40_B24_n40_u2ret_top,E:\Projects\RL-LAM-ScanOpt\cae_model\stage3_run59_N40_focused_calibrated_penalty_repair_batch40_v01\N40S3R59N40PR40_N40_B24_n40_u2ret_top,E:\Projects\RL-LAM-ScanOpt\cae_model\stage3_run59_N40_focused_calibrated_penalty_repair_batch40_v01\N40S3R59N40PR40_N40_B24_n40_u2ret_top\scan_order_S3R59N40PR40_N40_B24_n40_u2ret_top.json,E:\Projects\RL-LAM-ScanOpt\cae_model\stage3_run59_N40_focused_calibrated_penalty_repair_batch40_v01\N40S3R59N40PR40_N40_B24_n40_u2ret_top\J2D_S3R59N40PR40_N40_B24_n40_u2ret_top.cae,E:\Projects\RL-LAM-ScanOpt\cae_model\stage3_run59_N40_focused_calibrated_penalty_repair_batch40_v01\N40S3R59N40PR40_N40_B24_n40_u2ret_top\J2D_S3R59N40PR40_N40_B24_n40_u2ret_top.inp,E:\Projects\RL-LAM-ScanOpt\cae_model\stage3_run59_N40_focused_calibrated_penalty_repair_batch40_v01\N40S3R59N40PR40_N40_B24_n40_u2ret_top\J2D_S3R59N40PR40_N40_B24_n40_u2ret_top.jnl,E:\Projects\RL-LAM-ScanOpt\cae_model\stage3_run59_N40_focused_calibrated_penalty_repair_batch40_v01\N40S3R59N40PR40_N40_B24_n40_u2ret_top\J2D_S3R59N40PR40_N40_B24_n40_u2ret_top.generation_log.json,False,NOT_RUN,NOT_SUBMITTED,"[0,3,5,7,9,11,13,15,17,19,24,26,28,30,32,36,38,34,22,20,18,16,14,12,10,8,6,4,2,1,21,23,25,27,29,31,33,35,37,39]"
